date	ouv	haut	bas	clot	vol	devise	
01/06/2016	119.94	119.94	119.94	119.94	0	USD	
02/06/2016	120.47	120.47	120.47	120.47	0	USD	
03/06/2016	119.83	119.83	119.83	119.83	0	USD	
06/06/2016	121.56	121.56	121.56	121.56	0	USD	
07/06/2016	122.23	122.23	122.23	122.23	0	USD	
08/06/2016	122.37	122.37	122.37	122.37	0	USD	
09/06/2016	121.35	121.35	121.35	121.35	0	USD	
10/06/2016	119.51	119.51	119.51	119.51	0	USD	
13/06/2016	118.38	118.38	118.38	118.38	0	USD	
14/06/2016	117.03	117.03	117.03	117.03	0	USD	
15/06/2016	117.19	117.19	117.19	117.19	0	USD	
16/06/2016	116.96	116.96	116.96	116.96	0	USD	
17/06/2016	117.95	117.95	117.95	117.95	0	USD	
20/06/2016	119.4	119.4	119.4	119.4	0	USD	
21/06/2016	119.9	119.9	119.9	119.9	0	USD	
22/06/2016	119.51	119.51	119.51	119.51	0	USD	
24/06/2016	115.32	115.32	115.32	115.32	0	USD	
27/06/2016	110.3	110.3	110.3	110.3	0	USD	
28/06/2016	113.59	113.59	113.59	113.59	0	USD	
29/06/2016	116.47	116.47	116.47	116.47	0	USD	
30/06/2016	118.24	118.24	118.24	118.24	0	USD	
01/07/2016	118.37	118.37	118.37	118.37	0	USD	
05/07/2016	115.18	115.18	115.18	115.18	0	USD	
06/07/2016	115.93	115.93	115.93	115.93	0	USD	
07/07/2016	116.48	116.48	116.48	116.48	0	USD	
08/07/2016	118.89	118.89	118.89	118.89	0	USD	
11/07/2016	119.77	119.77	119.77	119.77	0	USD	
12/07/2016	122.4	122.4	122.4	122.4	0	USD	
13/07/2016	122.21	122.21	122.21	122.21	0	USD	
14/07/2016	123.43	123.43	123.43	123.43	0	USD	
15/07/2016	123.45	123.45	123.45	123.45	0	USD	
18/07/2016	123.87	123.87	123.87	123.87	0	USD	
19/07/2016	122.97	122.97	122.97	122.97	0	USD	
20/07/2016	123.94	123.94	123.94	123.94	0	USD	
21/07/2016	123.74	123.74	123.74	123.74	0	USD	
22/07/2016	123.81	123.81	123.81	123.81	0	USD	
25/07/2016	123.87	123.87	123.87	123.87	0	USD	
26/07/2016	125.49	125.49	125.49	125.49	0	USD	
27/07/2016	125.05	125.05	125.05	125.05	0	USD	
28/07/2016	124.43	124.43	124.43	124.43	0	USD	
29/07/2016	124.58	124.58	124.58	124.58	0	USD	
01/08/2016	123.3	123.3	123.3	123.3	0	USD	
02/08/2016	121.72	121.72	121.72	121.72	0	USD	
03/08/2016	123.31	123.31	123.31	123.31	0	USD	
04/08/2016	122.41	122.41	122.41	122.41	0	USD	
05/08/2016	125.05	125.05	125.05	125.05	0	USD	
08/08/2016	125.32	125.32	125.32	125.32	0	USD	
09/08/2016	125.1	125.1	125.1	125.1	0	USD	
10/08/2016	124.31	124.31	124.31	124.31	0	USD	
11/08/2016	125.72	125.72	125.72	125.72	0	USD	
12/08/2016	125.3	125.3	125.3	125.3	0	USD	
16/08/2016	126.72	126.72	126.72	126.72	0	USD	
17/08/2016	127	127	127	127	0	USD	
18/08/2016	128.16	128.16	128.16	128.16	0	USD	
19/08/2016	127.82	127.82	127.82	127.82	0	USD	
22/08/2016	127.32	127.32	127.32	127.32	0	USD	
23/08/2016	128.47	128.47	128.47	128.47	0	USD	
24/08/2016	127.22	127.22	127.22	127.22	0	USD	
25/08/2016	127.61	127.61	127.61	127.61	0	USD	
26/08/2016	127.67	127.67	127.67	127.67	0	USD	
29/08/2016	128.82	128.82	128.82	128.82	0	USD	
30/08/2016	129.16	129.16	129.16	129.16	0	USD	
31/08/2016	128.21	128.21	128.21	128.21	0	USD	
01/09/2016	127.95	127.95	127.95	127.95	0	USD	
02/09/2016	128.86	128.86	128.86	128.86	0	USD	
06/09/2016	129.12	129.12	129.12	129.12	0	USD	
07/09/2016	129.44	129.44	129.44	129.44	0	USD	
08/09/2016	129.84	129.84	129.84	129.84	0	USD	
09/09/2016	126.59	126.59	126.59	126.59	0	USD	
12/09/2016	127.99	127.99	127.99	127.99	0	USD	
13/09/2016	125.64	125.64	125.64	125.64	0	USD	
14/09/2016	125.13	125.13	125.13	125.13	0	USD	
15/09/2016	126.51	126.51	126.51	126.51	0	USD	
16/09/2016	125.59	125.59	125.59	125.59	0	USD	
19/09/2016	125.69	125.69	125.69	125.69	0	USD	
20/09/2016	125.29	125.29	125.29	125.29	0	USD	
21/09/2016	127.25	127.25	127.25	127.25	0	USD	
22/09/2016	127.99	127.99	127.99	127.99	0	USD	
23/09/2016	127.19	127.19	127.19	127.19	0	USD	
26/09/2016	125.33	125.33	125.33	125.33	0	USD	
27/09/2016	125.82	125.82	125.82	125.82	0	USD	
28/09/2016	127.61	127.61	127.61	127.61	0	USD	
29/09/2016	127.16	127.16	127.16	127.16	0	USD	
30/09/2016	128.76	128.76	128.76	128.76	0	USD	
03/10/2016	128.43	128.43	128.43	128.43	0	USD	
04/10/2016	127.93	127.93	127.93	127.93	0	USD	
05/10/2016	129.32	129.32	129.32	129.32	0	USD	
06/10/2016	129.44	129.44	129.44	129.44	0	USD	
07/10/2016	128.77	128.77	128.77	128.77	0	USD	
11/10/2016	127.8	127.8	127.8	127.8	0	USD	
12/10/2016	127.32	127.32	127.32	127.32	0	USD	
13/10/2016	126.42	126.42	126.42	126.42	0	USD	
14/10/2016	126.17	126.17	126.17	126.17	0	USD	
17/10/2016	125.69	125.69	125.69	125.69	0	USD	
18/10/2016	126.88	126.88	126.88	126.88	0	USD	
19/10/2016	127.93	127.93	127.93	127.93	0	USD	
20/10/2016	128.07	128.07	128.07	128.07	0	USD	
21/10/2016	127.72	127.72	127.72	127.72	0	USD	
24/10/2016	128.03	128.03	128.03	128.03	0	USD	
25/10/2016	127.22	127.22	127.22	127.22	0	USD	
26/10/2016	127.63	127.63	127.63	127.63	0	USD	
27/10/2016	127.43	127.43	127.43	127.43	0	USD	
28/10/2016	126.72	126.72	126.72	126.72	0	USD	
31/10/2016	126.25	126.25	126.25	126.25	0	USD	
02/11/2016	124.59	124.59	124.59	124.59	0	USD	
03/11/2016	124.25	124.25	124.25	124.25	0	USD	
04/11/2016	124.17	124.17	124.17	124.17	0	USD	
07/11/2016	126.91	126.91	126.91	126.91	0	USD	
08/11/2016	127.04	127.04	127.04	127.04	0	USD	
09/11/2016	130.83	130.83	130.83	130.83	0	USD	
10/11/2016	133.48	133.48	133.48	133.48	0	USD	
14/11/2016	134.76	134.76	134.76	134.76	0	USD	
15/11/2016	136.02	136.02	136.02	136.02	0	USD	
16/11/2016	134.52	134.52	134.52	134.52	0	USD	
17/11/2016	135.32	135.32	135.32	135.32	0	USD	
18/11/2016	135.13	135.13	135.13	135.13	0	USD	
21/11/2016	136.49	136.49	136.49	136.49	0	USD	
22/11/2016	136.75	136.75	136.75	136.75	0	USD	
23/11/2016	137.64	137.64	137.64	137.64	0	USD	
25/11/2016	137.64	137.64	137.64	137.64	0	USD	
28/11/2016	136.13	136.13	136.13	136.13	0	USD	
29/11/2016	135.27	135.27	135.27	135.27	0	USD	
30/11/2016	138.1	138.1	138.1	138.1	0	USD	
01/12/2016	137.76	137.76	137.76	137.76	0	USD	
02/12/2016	137.78	137.78	137.78	137.78	0	USD	
05/12/2016	138.72	138.72	138.72	138.72	0	USD	
06/12/2016	139.35	139.35	139.35	139.35	0	USD	
07/12/2016	140.66	140.66	140.66	140.66	0	USD	
08/12/2016	141.33	141.33	141.33	141.33	0	USD	
09/12/2016	141.79	141.79	141.79	141.79	0	USD	
12/12/2016	140.94	140.94	140.94	140.94	0	USD	
13/12/2016	141.57	141.57	141.57	141.57	0	USD	
14/12/2016	140.04	140.04	140.04	140.04	0	USD	
15/12/2016	140.72	140.72	140.72	140.72	0	USD	
16/12/2016	139.94	139.94	139.94	139.94	0	USD	
19/12/2016	140.05	140.05	140.05	140.05	0	USD	
20/12/2016	140.62	140.62	140.62	140.62	0	USD	
21/12/2016	140.75	140.75	140.75	140.75	0	USD	
22/12/2016	140.47	140.47	140.47	140.47	0	USD	
23/12/2016	140.73	140.73	140.73	140.73	0	USD	
27/12/2016	141.19	141.19	141.19	141.19	0	USD	
28/12/2016	139.62	139.62	139.62	139.62	0	USD	
29/12/2016	139.2	139.2	139.2	139.2	0	USD	
30/12/2016	138.86	138.86	138.86	138.86	0	USD	
03/01/2017	141.04	141.04	141.04	141.04	0	USD	
04/01/2017	142.71	142.71	142.71	142.71	0	USD	
05/01/2017	141.89	141.89	141.89	141.89	0	USD	
06/01/2017	141.49	141.49	141.49	141.49	0	USD	
09/01/2017	140.76	140.76	140.76	140.76	0	USD	
10/01/2017	141.64	141.64	141.64	141.64	0	USD	
11/01/2017	142.18	142.18	142.18	142.18	0	USD	
12/01/2017	141.77	141.77	141.77	141.77	0	USD	
13/01/2017	141.97	141.97	141.97	141.97	0	USD	
17/01/2017	140.7	140.7	140.7	140.7	0	USD	
18/01/2017	140.99	140.99	140.99	140.99	0	USD	
19/01/2017	139.93	139.93	139.93	139.93	0	USD	
20/01/2017	140.28	140.28	140.28	140.28	0	USD	
23/01/2017	139.38	139.38	139.38	139.38	0	USD	
24/01/2017	142	142	142	142	0	USD	
25/01/2017	143.41	143.41	143.41	143.41	0	USD	
26/01/2017	142.52	142.52	142.52	142.52	0	USD	
27/01/2017	141.87	141.87	141.87	141.87	0	USD	
30/01/2017	140.51	140.51	140.51	140.51	0	USD	
31/01/2017	140.86	140.86	140.86	140.86	0	USD	
01/02/2017	141.16	141.16	141.16	141.16	0	USD	
02/02/2017	140.78	140.78	140.78	140.78	0	USD	
03/02/2017	142.31	142.31	142.31	142.31	0	USD	
06/02/2017	141.55	141.55	141.55	141.55	0	USD	
07/02/2017	140.72	140.72	140.72	140.72	0	USD	
08/02/2017	140.41	140.41	140.41	140.41	0	USD	
09/02/2017	141.72	141.72	141.72	141.72	0	USD	
10/02/2017	142.46	142.46	142.46	142.46	0	USD	
13/02/2017	143.45	143.45	143.45	143.45	0	USD	
14/02/2017	144.18	144.18	144.18	144.18	0	USD	
15/02/2017	144.79	144.79	144.79	144.79	0	USD	
16/02/2017	144.04	144.04	144.04	144.04	0	USD	
17/02/2017	143.62	143.62	143.62	143.62	0	USD	
21/02/2017	144.95	144.95	144.95	144.95	0	USD	
22/02/2017	143.8	143.8	143.8	143.8	0	USD	
23/02/2017	143.65	143.65	143.65	143.65	0	USD	
24/02/2017	142.96	142.96	142.96	142.96	0	USD	
27/02/2017	143.51	143.51	143.51	143.51	0	USD	
28/02/2017	142.8	142.8	142.8	142.8	0	USD	
01/03/2017	145.18	145.18	145.18	145.18	0	USD	
02/03/2017	143.61	143.61	143.61	143.61	0	USD	
03/03/2017	143.89	143.89	143.89	143.89	0	USD	
06/03/2017	142.67	142.67	142.67	142.67	0	USD	
07/03/2017	141.53	141.53	141.53	141.53	0	USD	
08/03/2017	140.26	140.26	140.26	140.26	0	USD	
09/03/2017	140.38	140.38	140.38	140.38	0	USD	
10/03/2017	140.78	140.78	140.78	140.78	0	USD	
13/03/2017	140.65	140.65	140.65	140.65	0	USD	
14/03/2017	139.61	139.61	139.61	139.61	0	USD	
15/03/2017	141.25	141.25	141.25	141.25	0	USD	
16/03/2017	141.27	141.27	141.27	141.27	0	USD	
17/03/2017	140.92	140.92	140.92	140.92	0	USD	
20/03/2017	140.29	140.29	140.29	140.29	0	USD	
21/03/2017	137.86	137.86	137.86	137.86	0	USD	
22/03/2017	137.91	137.91	137.91	137.91	0	USD	
23/03/2017	137.76	137.76	137.76	137.76	0	USD	
24/03/2017	137.86	137.86	137.86	137.86	0	USD	
27/03/2017	137.9	137.9	137.9	137.9	0	USD	
28/03/2017	139.57	139.57	139.57	139.57	0	USD	
29/03/2017	140.43	140.43	140.43	140.43	0	USD	
30/03/2017	140.95	140.95	140.95	140.95	0	USD	
31/03/2017	140.55	140.55	140.55	140.55	0	USD	
03/04/2017	139.9	139.9	139.9	139.9	0	USD	
04/04/2017	140.21	140.21	140.21	140.21	0	USD	
05/04/2017	139.37	139.37	139.37	139.37	0	USD	
06/04/2017	140.46	140.46	140.46	140.46	0	USD	
07/04/2017	140.22	140.22	140.22	140.22	0	USD	
10/04/2017	140.92	140.92	140.92	140.92	0	USD	
11/04/2017	140.73	140.73	140.73	140.73	0	USD	
12/04/2017	139.12	139.12	139.12	139.12	0	USD	
13/04/2017	137.47	137.47	137.47	137.47	0	USD	
18/04/2017	137.66	137.66	137.66	137.66	0	USD	
19/04/2017	136.96	136.96	136.96	136.96	0	USD	
20/04/2017	137.75	137.75	137.75	137.75	0	USD	
21/04/2017	136.9	136.9	136.9	136.9	0	USD	
24/04/2017	138.79	138.79	138.79	138.79	0	USD	
25/04/2017	140.51	140.51	140.51	140.51	0	USD	
26/04/2017	140.72	140.72	140.72	140.72	0	USD	
27/04/2017	140.1	140.1	140.1	140.1	0	USD	
28/04/2017	139.44	139.44	139.44	139.44	0	USD	
02/05/2017	139.47	139.47	139.47	139.47	0	USD	
03/05/2017	138.48	138.48	138.48	138.48	0	USD	
04/05/2017	137.95	137.95	137.95	137.95	0	USD	
05/05/2017	138.67	138.67	138.67	138.67	0	USD	
09/05/2017	138.37	138.37	138.37	138.37	0	USD	
10/05/2017	139.03	139.03	139.03	139.03	0	USD	
11/05/2017	138.76	138.76	138.76	138.76	0	USD	
12/05/2017	137.85	137.85	137.85	137.85	0	USD	
15/05/2017	138.82	138.82	138.82	138.82	0	USD	
16/05/2017	138.54	138.54	138.54	138.54	0	USD	
17/05/2017	135.62	135.62	135.62	135.62	0	USD	
18/05/2017	134.94	134.94	134.94	134.94	0	USD	
19/05/2017	136.44	136.44	136.44	136.44	0	USD	
22/05/2017	136.37	136.37	136.37	136.37	0	USD	
23/05/2017	137.2	137.2	137.2	137.2	0	USD	
24/05/2017	137.36	137.36	137.36	137.36	0	USD	
26/05/2017	136.62	136.62	136.62	136.62	0	USD	
30/05/2017	135.75	135.75	135.75	135.75	0	USD	
01/06/2017	136.79	136.79	136.79	136.79	0	USD	
02/06/2017	136.34	136.34	136.34	136.34	0	USD	
06/06/2017	135.91	135.91	135.91	135.91	0	USD	
07/06/2017	134.85	134.85	134.85	134.85	0	USD	
08/06/2017	135.83	135.83	135.83	135.83	0	USD	
09/06/2017	137.28	137.28	137.28	137.28	0	USD	
12/06/2017	137.63	137.63	137.63	137.63	0	USD	
13/06/2017	138.33	138.33	138.33	138.33	0	USD	
14/06/2017	137.54	137.54	137.54	137.54	0	USD	
15/06/2017	136.78	136.78	136.78	136.78	0	USD	
16/06/2017	137.25	137.25	137.25	137.25	0	USD	
19/06/2017	138.21	138.21	138.21	138.21	0	USD	
20/06/2017	137.05	137.05	137.05	137.05	0	USD	
21/06/2017	136.16	136.16	136.16	136.16	0	USD	
22/06/2017	136.74	136.74	136.74	136.74	0	USD	
26/06/2017	137.52	137.52	137.52	137.52	0	USD	
27/06/2017	136.97	136.97	136.97	136.97	0	USD	
28/06/2017	138.51	138.51	138.51	138.51	0	USD	
29/06/2017	138.61	138.61	138.61	138.61	0	USD	
30/06/2017	138.84	138.84	138.84	138.84	0	USD	
03/07/2017	140.54	140.54	140.54	140.54	0	USD	
05/07/2017	139.69	139.69	139.69	139.69	0	USD	
06/07/2017	137.83	137.83	137.83	137.83	0	USD	
10/07/2017	138.72	138.72	138.72	138.72	0	USD	
11/07/2017	138.61	138.61	138.61	138.61	0	USD	
12/07/2017	139.25	139.25	139.25	139.25	0	USD	
13/07/2017	139.84	139.84	139.84	139.84	0	USD	
17/07/2017	140.49	140.49	140.49	140.49	0	USD	
18/07/2017	139.92	139.92	139.92	139.92	0	USD	
19/07/2017	141.31	141.31	141.31	141.31	0	USD	
20/07/2017	141.31	141.31	141.31	141.31	0	USD	
21/07/2017	140.82	140.82	140.82	140.82	0	USD	
24/07/2017	140.41	140.41	140.41	140.41	0	USD	
25/07/2017	141.92	141.92	141.92	141.92	0	USD	
26/07/2017	141.11	141.11	141.11	141.11	0	USD	
27/07/2017	141.17	141.17	141.17	141.17	0	USD	
31/07/2017	141.4	141.4	141.4	141.4	0	USD	
01/08/2017	141.36	141.36	141.36	141.36	0	USD	
02/08/2017	141.37	141.37	141.37	141.37	0	USD	
03/08/2017	140.38	140.38	140.38	140.38	0	USD	
04/08/2017	140.59	140.59	140.59	140.59	0	USD	
07/08/2017	139.89	139.89	139.89	139.89	0	USD	
08/08/2017	139.9	139.9	139.9	139.9	0	USD	
09/08/2017	139.28	139.28	139.28	139.28	0	USD	
10/08/2017	137.48	137.48	137.48	137.48	0	USD	
11/08/2017	137.13	137.13	137.13	137.13	0	USD	
14/08/2017	137.8	137.8	137.8	137.8	0	USD	
16/08/2017	137.63	137.63	137.63	137.63	0	USD	
17/08/2017	135.42	135.42	135.42	135.42	0	USD	
18/08/2017	135.34	135.34	135.34	135.34	0	USD	
21/08/2017	135.1	135.1	135.1	135.1	0	USD	
22/08/2017	136.22	136.22	136.22	136.22	0	USD	
23/08/2017	136.46	136.46	136.46	136.46	0	USD	
24/08/2017	136.75	136.75	136.75	136.75	0	USD	
25/08/2017	137.11	137.11	137.11	137.11	0	USD	
28/08/2017	136.85	136.85	136.85	136.85	0	USD	
29/08/2017	136.47	136.47	136.47	136.47	0	USD	
30/08/2017	137.1	137.1	137.1	137.1	0	USD	
31/08/2017	138.21	138.21	138.21	138.21	0	USD	
01/09/2017	139.01	139.01	139.01	139.01	0	USD	
05/09/2017	137.3	137.3	137.3	137.3	0	USD	
06/09/2017	137.95	137.95	137.95	137.95	0	USD	
07/09/2017	137.73	137.73	137.73	137.73	0	USD	
08/09/2017	137.4	137.4	137.4	137.4	0	USD	
11/09/2017	139.24	139.24	139.24	139.24	0	USD	
12/09/2017	140.46	140.46	140.46	140.46	0	USD	
13/09/2017	141.03	141.03	141.03	141.03	0	USD	
14/09/2017	140.96	140.96	140.96	140.96	0	USD	
15/09/2017	141.1	141.1	141.1	141.1	0	USD	
18/09/2017	141.53	141.53	141.53	141.53	0	USD	
19/09/2017	141.42	141.42	141.42	141.42	0	USD	
20/09/2017	142.46	142.46	142.46	142.46	0	USD	
21/09/2017	142.55	142.55	142.55	142.55	0	USD	
22/09/2017	142.77	142.77	142.77	142.77	0	USD	
25/09/2017	143.35	143.35	143.35	143.35	0	USD	
26/09/2017	143.95	143.95	143.95	143.95	0	USD	
27/09/2017	144.67	144.67	144.67	144.67	0	USD	
28/09/2017	144.13	144.13	144.13	144.13	0	USD	
29/09/2017	144.39	144.39	144.39	144.39	0	USD	
02/10/2017	145.63	145.63	145.63	145.63	0	USD	
03/10/2017	145.83	145.83	145.83	145.83	0	USD	
04/10/2017	145.79	145.79	145.79	145.79	0	USD	
05/10/2017	146.52	146.52	146.52	146.52	0	USD	
06/10/2017	145.83	145.83	145.83	145.83	0	USD	
09/10/2017	145.42	145.42	145.42	145.42	0	USD	
10/10/2017	145.65	145.65	145.65	145.65	0	USD	
11/10/2017	145.66	145.66	145.66	145.66	0	USD	
12/10/2017	144.59	144.59	144.59	144.59	0	USD	
13/10/2017	144.76	144.76	144.76	144.76	0	USD	
16/10/2017	144.83	144.83	144.83	144.83	0	USD	
17/10/2017	145.24	145.24	145.24	145.24	0	USD	
18/10/2017	145.09	145.09	145.09	145.09	0	USD	
19/10/2017	145.55	145.55	145.55	145.55	0	USD	
20/10/2017	146.43	146.43	146.43	146.43	0	USD	
23/10/2017	145.41	145.41	145.41	145.41	0	USD	
24/10/2017	145.37	145.37	145.37	145.37	0	USD	
25/10/2017	144.11	144.11	144.11	144.11	0	USD	
26/10/2017	144.02	144.02	144.02	144.02	0	USD	
27/10/2017	144.02	144.02	144.02	144.02	0	USD	
30/10/2017	143.6	143.6	143.6	143.6	0	USD	
31/10/2017	143.66	143.66	143.66	143.66	0	USD	
02/11/2017	144.97	144.97	144.97	144.97	0	USD	
03/11/2017	145.24	145.24	145.24	145.24	0	USD	
06/11/2017	146.57	146.57	146.57	146.57	0	USD	
07/11/2017	145.35	145.35	145.35	145.35	0	USD	
08/11/2017	144.92	144.92	144.92	144.92	0	USD	
09/11/2017	144.81	144.81	144.81	144.81	0	USD	
10/11/2017	144.31	144.31	144.31	144.31	0	USD	
13/11/2017	144.13	144.13	144.13	144.13	0	USD	
14/11/2017	142.86	142.86	142.86	142.86	0	USD	
15/11/2017	142.28	142.28	142.28	142.28	0	USD	
16/11/2017	143.25	143.25	143.25	143.25	0	USD	
17/11/2017	143.9	143.9	143.9	143.9	0	USD	
20/11/2017	143.72	143.72	143.72	143.72	0	USD	
21/11/2017	144.15	144.15	144.15	144.15	0	USD	
22/11/2017	145.08	145.08	145.08	145.08	0	USD	
24/11/2017	145.16	145.16	145.16	145.16	0	USD	
27/11/2017	144.17	144.17	144.17	144.17	0	USD	
28/11/2017	145.98	145.98	145.98	145.98	0	USD	
29/11/2017	147.21	147.21	147.21	147.21	0	USD	
30/11/2017	148.25	148.25	148.25	148.25	0	USD	
01/12/2017	149.03	149.03	149.03	149.03	0	USD	
04/12/2017	149.77	149.77	149.77	149.77	0	USD	
05/12/2017	148.76	148.76	148.76	148.76	0	USD	
06/12/2017	147.87	147.87	147.87	147.87	0	USD	
07/12/2017	148.45	148.45	148.45	148.45	0	USD	
08/12/2017	149.63	149.63	149.63	149.63	0	USD	
11/12/2017	150.56	150.56	150.56	150.56	0	USD	
12/12/2017	150.73	150.73	150.73	150.73	0	USD	
13/12/2017	149.91	149.91	149.91	149.91	0	USD	
14/12/2017	148.71	148.71	148.71	148.71	0	USD	
15/12/2017	149.26	149.26	149.26	149.26	0	USD	
18/12/2017	150.43	150.43	150.43	150.43	0	USD	
19/12/2017	150.22	150.22	150.22	150.22	0	USD	
20/12/2017	150.71	150.71	150.71	150.71	0	USD	
21/12/2017	152.32	152.32	152.32	152.32	0	USD	
22/12/2017	152.14	152.14	152.14	152.14	0	USD	
27/12/2017	152.6	152.6	152.6	152.6	0	USD	
28/12/2017	152.87	152.87	152.87	152.87	0	USD	
29/12/2017	152.12	152.12	152.12	152.12	0	USD	
02/01/2018	154.33	154.33	154.33	154.33	0	USD	
03/01/2018	155.09	155.09	155.09	155.09	0	USD	
04/01/2018	156.28	156.28	156.28	156.28	0	USD	
05/01/2018	156.37	156.37	156.37	156.37	0	USD	
08/01/2018	156.46	156.46	156.46	156.46	0	USD	
09/01/2018	156.83	156.83	156.83	156.83	0	USD	
10/01/2018	157.18	157.18	157.18	157.18	0	USD	
11/01/2018	159.56	159.56	159.56	159.56	0	USD	
12/01/2018	160.61	160.61	160.61	160.61	0	USD	
16/01/2018	159.74	159.74	159.74	159.74	0	USD	
17/01/2018	160.62	160.62	160.62	160.62	0	USD	
18/01/2018	160.59	160.59	160.59	160.59	0	USD	
19/01/2018	160.96	160.96	160.96	160.96	0	USD	
22/01/2018	162.85	162.85	162.85	162.85	0	USD	
23/01/2018	163.56	163.56	163.56	163.56	0	USD	
24/01/2018	163.83	163.83	163.83	163.83	0	USD	
25/01/2018	163.59	163.59	163.59	163.59	0	USD	
26/01/2018	165.48	165.48	165.48	165.48	0	USD	
29/01/2018	164.74	164.74	164.74	164.74	0	USD	
30/01/2018	161.81	161.81	161.81	161.81	0	USD	
31/01/2018	161.04	161.04	161.04	161.04	0	USD	
01/02/2018	161.68	161.68	161.68	161.68	0	USD	
02/02/2018	157.7	157.7	157.7	157.7	0	USD	
05/02/2018	151.62	151.62	151.62	151.62	0	USD	
06/02/2018	153.9	153.9	153.9	153.9	0	USD	
07/02/2018	153.67	153.67	153.67	153.67	0	USD	
09/02/2018	148.9	148.9	148.9	148.9	0	USD	
12/02/2018	150.86	150.86	150.86	150.86	0	USD	
13/02/2018	150.72	150.72	150.72	150.72	0	USD	
14/02/2018	153.45	153.45	153.45	153.45	0	USD	
15/02/2018	154.41	154.41	154.41	154.41	0	USD	
16/02/2018	153.85	153.85	153.85	153.85	0	USD	
20/02/2018	153.08	153.08	153.08	153.08	0	USD	
21/02/2018	152.22	152.22	152.22	152.22	0	USD	
22/02/2018	152.16	152.16	152.16	152.16	0	USD	
23/02/2018	154.58	154.58	154.58	154.58	0	USD	
26/02/2018	155.6	155.6	155.6	155.6	0	USD	
27/02/2018	153.47	153.47	153.47	153.47	0	USD	
28/02/2018	150.67	150.67	150.67	150.67	0	USD	
01/03/2018	149.24	149.24	149.24	149.24	0	USD	
02/03/2018	150.14	150.14	150.14	150.14	0	USD	
05/03/2018	151.87	151.87	151.87	151.87	0	USD	
06/03/2018	152.13	152.13	152.13	152.13	0	USD	
07/03/2018	151.66	151.66	151.66	151.66	0	USD	
08/03/2018	151.29	151.29	151.29	151.29	0	USD	
09/03/2018	153.71	153.71	153.71	153.71	0	USD	
12/03/2018	153.55	153.55	153.55	153.55	0	USD	
13/03/2018	152.96	152.96	152.96	152.96	0	USD	
14/03/2018	152.18	152.18	152.18	152.18	0	USD	
15/03/2018	151.44	151.44	151.44	151.44	0	USD	
16/03/2018	152.1	152.1	152.1	152.1	0	USD	
19/03/2018	149.92	149.92	149.92	149.92	0	USD	
20/03/2018	149.91	149.91	149.91	149.91	0	USD	
21/03/2018	151.59	151.59	151.59	151.59	0	USD	
22/03/2018	148.25	148.25	148.25	148.25	0	USD	
23/03/2018	145.68	145.68	145.68	145.68	0	USD	
26/03/2018	148.65	148.65	148.65	148.65	0	USD	
27/03/2018	146.82	146.82	146.82	146.82	0	USD	
28/03/2018	146.5	146.5	146.5	146.5	0	USD	
29/03/2018	148.47	148.47	148.47	148.47	0	USD	
03/04/2018	147.02	147.02	147.02	147.02	0	USD	
04/04/2018	148.07	148.07	148.07	148.07	0	USD	
05/04/2018	149.69	149.69	149.69	149.69	0	USD	
06/04/2018	146.65	146.65	146.65	146.65	0	USD	
09/04/2018	147.32	147.32	147.32	147.32	0	USD	
10/04/2018	150.5	150.5	150.5	150.5	0	USD	
11/04/2018	150.41	150.41	150.41	150.41	0	USD	
12/04/2018	151.5	151.5	151.5	151.5	0	USD	
13/04/2018	151.48	151.48	151.48	151.48	0	USD	
16/04/2018	152.47	152.47	152.47	152.47	0	USD	
17/04/2018	153.32	153.32	153.32	153.32	0	USD	
18/04/2018	153.9	153.9	153.9	153.9	0	USD	
19/04/2018	153.67	153.67	153.67	153.67	0	USD	
20/04/2018	152.96	152.96	152.96	152.96	0	USD	
23/04/2018	153.55	153.55	153.55	153.55	0	USD	
24/04/2018	152.73	152.73	152.73	152.73	0	USD	
25/04/2018	153.05	153.05	153.05	153.05	0	USD	
26/04/2018	154.24	154.24	154.24	154.24	0	USD	
27/04/2018	154.88	154.88	154.88	154.88	0	USD	
30/04/2018	153.35	153.35	153.35	153.35	0	USD	
02/05/2018	151.68	151.68	151.68	151.68	0	USD	
03/05/2018	150.88	150.88	150.88	150.88	0	USD	
04/05/2018	151.91	151.91	151.91	151.91	0	USD	
07/05/2018	152.31	152.31	152.31	152.31	0	USD	
09/05/2018	153.97	153.97	153.97	153.97	0	USD	
11/05/2018	155.65	155.65	155.65	155.65	0	USD	
14/05/2018	156.49	156.49	156.49	156.49	0	USD	
15/05/2018	156.31	156.31	156.31	156.31	0	USD	
16/05/2018	157.13	157.13	157.13	157.13	0	USD	
17/05/2018	157.91	157.91	157.91	157.91	0	USD	
18/05/2018	157.03	157.03	157.03	157.03	0	USD	
22/05/2018	157.2	157.2	157.2	157.2	0	USD	
23/05/2018	157.17	157.17	157.17	157.17	0	USD	
24/05/2018	156.08	156.08	156.08	156.08	0	USD	
29/05/2018	152.97	152.97	152.97	152.97	0	USD	
30/05/2018	155.85	155.85	155.85	155.85	0	USD	
31/05/2018	154.5	154.5	154.5	154.5	0	USD	
01/06/2018	155.55	155.55	155.55	155.55	0	USD	
04/06/2018	155.34	155.34	155.34	155.34	0	USD	
05/06/2018	155.47	155.47	155.47	155.47	0	USD	
06/06/2018	157.36	157.36	157.36	157.36	0	USD	
07/06/2018	159.02	159.02	159.02	159.02	0	USD	
08/06/2018	159.56	159.56	159.56	159.56	0	USD	
11/06/2018	160.15	160.15	160.15	160.15	0	USD	
12/06/2018	159.77	159.77	159.77	159.77	0	USD	
13/06/2018	159.45	159.45	159.45	159.45	0	USD	
14/06/2018	159.18	159.18	159.18	159.18	0	USD	
15/06/2018	157.43	157.43	157.43	157.43	0	USD	
18/06/2018	157.96	157.96	157.96	157.96	0	USD	
19/06/2018	157.74	157.74	157.74	157.74	0	USD	
20/06/2018	158.68	158.68	158.68	158.68	0	USD	
21/06/2018	157.38	157.38	157.38	157.38	0	USD	
22/06/2018	158.74	158.74	158.74	158.74	0	USD	
25/06/2018	156.34	156.34	156.34	156.34	0	USD	
26/06/2018	156.63	156.63	156.63	156.63	0	USD	
27/06/2018	155.98	155.98	155.98	155.98	0	USD	
28/06/2018	156.75	156.75	156.75	156.75	0	USD	
29/06/2018	156.66	156.66	156.66	156.66	0	USD	
02/07/2018	155.97	155.97	155.97	155.97	0	USD	
03/07/2018	156.14	156.14	156.14	156.14	0	USD	
05/07/2018	157.29	157.29	157.29	157.29	0	USD	
06/07/2018	158.89	158.89	158.89	158.89	0	USD	
09/07/2018	161.41	161.41	161.41	161.41	0	USD	
10/07/2018	161.9	161.9	161.9	161.9	0	USD	
11/07/2018	159.67	159.67	159.67	159.67	0	USD	
12/07/2018	160.61	160.61	160.61	160.61	0	USD	
13/07/2018	160.36	160.36	160.36	160.36	0	USD	
16/07/2018	159.56	159.56	159.56	159.56	0	USD	
17/07/2018	159.69	159.69	159.69	159.69	0	USD	
18/07/2018	159.85	159.85	159.85	159.85	0	USD	
19/07/2018	159.22	159.22	159.22	159.22	0	USD	
20/07/2018	158.89	158.89	158.89	158.89	0	USD	
23/07/2018	159.01	159.01	159.01	159.01	0	USD	
24/07/2018	160.2	160.2	160.2	160.2	0	USD	
25/07/2018	161.05	161.05	161.05	161.05	0	USD	
26/07/2018	161.77	161.77	161.77	161.77	0	USD	
27/07/2018	162.19	162.19	162.19	162.19	0	USD	
30/07/2018	163.4	163.4	163.4	163.4	0	USD	
31/07/2018	164.01	164.01	164.01	164.01	0	USD	
01/08/2018	162.37	162.37	162.37	162.37	0	USD	
02/08/2018	162.57	162.57	162.57	162.57	0	USD	
03/08/2018	163.59	163.59	163.59	163.59	0	USD	
06/08/2018	163.69	163.69	163.69	163.69	0	USD	
07/08/2018	163.95	163.95	163.95	163.95	0	USD	
08/08/2018	164.5	164.5	164.5	164.5	0	USD	
09/08/2018	163.39	163.39	163.39	163.39	0	USD	
10/08/2018	162.37	162.37	162.37	162.37	0	USD	
13/08/2018	160.74	160.74	160.74	160.74	0	USD	
14/08/2018	162.13	162.13	162.13	162.13	0	USD	
16/08/2018	161	161	161	161	0	USD	
17/08/2018	161.88	161.88	161.88	161.88	0	USD	
20/08/2018	162.79	162.79	162.79	162.79	0	USD	
21/08/2018	163.72	163.72	163.72	163.72	0	USD	
22/08/2018	163.96	163.96	163.96	163.96	0	USD	
23/08/2018	163.14	163.14	163.14	163.14	0	USD	
24/08/2018	163.72	163.72	163.72	163.72	0	USD	
27/08/2018	165.42	165.42	165.42	165.42	0	USD	
28/08/2018	165.12	165.12	165.12	165.12	0	USD	
29/08/2018	165.88	165.88	165.88	165.88	0	USD	
30/08/2018	164.92	164.92	164.92	164.92	0	USD	
31/08/2018	164.45	164.45	164.45	164.45	0	USD	
04/09/2018	163.24	163.24	163.24	163.24	0	USD	
05/09/2018	163.62	163.62	163.62	163.62	0	USD	
06/09/2018	162.52	162.52	162.52	162.52	0	USD	
07/09/2018	162.34	162.34	162.34	162.34	0	USD	
10/09/2018	162.14	162.14	162.14	162.14	0	USD	
11/09/2018	162.34	162.34	162.34	162.34	0	USD	
12/09/2018	163.37	163.37	163.37	163.37	0	USD	
13/09/2018	163.7	163.7	163.7	163.7	0	USD	
14/09/2018	164.2	164.2	164.2	164.2	0	USD	
17/09/2018	164.26	164.26	164.26	164.26	0	USD	
18/09/2018	165.33	165.33	165.33	165.33	0	USD	
20/09/2018	167.73	167.73	167.73	167.73	0	USD	
21/09/2018	168.2	168.2	168.2	168.2	0	USD	
24/09/2018	167.46	167.46	167.46	167.46	0	USD	
25/09/2018	167.19	167.19	167.19	167.19	0	USD	
26/09/2018	166.34	166.34	166.34	166.34	0	USD	
27/09/2018	166.6	166.6	166.6	166.6	0	USD	
28/09/2018	166.74	166.74	166.74	166.74	0	USD	
01/10/2018	168.13	168.13	168.13	168.13	0	USD	
02/10/2018	168.28	168.28	168.28	168.28	0	USD	
03/10/2018	169.05	169.05	169.05	169.05	0	USD	
04/10/2018	168.12	168.12	168.12	168.12	0	USD	
05/10/2018	167.28	167.28	167.28	167.28	0	USD	
08/10/2018	167.61	167.61	167.61	167.61	0	USD	
09/10/2018	167.28	167.28	167.28	167.28	0	USD	
10/10/2018	162.34	162.34	162.34	162.34	0	USD	
11/10/2018	157.63	157.63	157.63	157.63	0	USD	
12/10/2018	158.99	158.99	158.99	158.99	0	USD	
15/10/2018	158.48	158.48	158.48	158.48	0	USD	
16/10/2018	160.96	160.96	160.96	160.96	0	USD	
17/10/2018	160.04	160.04	160.04	160.04	0	USD	
18/10/2018	157.86	157.86	157.86	157.86	0	USD	
19/10/2018	157.38	157.38	157.38	157.38	0	USD	
22/10/2018	155.44	155.44	155.44	155.44	0	USD	
23/10/2018	153.45	153.45	153.45	153.45	0	USD	
24/10/2018	147.53	147.53	147.53	147.53	0	USD	
25/10/2018	148.82	148.82	148.82	148.82	0	USD	
26/10/2018	147.05	147.05	147.05	147.05	0	USD	
29/10/2018	146.06	146.06	146.06	146.06	0	USD	
30/10/2018	148.27	148.27	148.27	148.27	0	USD	
31/10/2018	148.84	148.84	148.84	148.84	0	USD	
02/11/2018	150.67	150.67	150.67	150.67	0	USD	
05/11/2018	152.91	152.91	152.91	152.91	0	USD	
06/11/2018	153.96	153.96	153.96	153.96	0	USD	
07/11/2018	155.8	155.8	155.8	155.8	0	USD	
08/11/2018	153.59	153.59	153.59	153.59	0	USD	
09/11/2018	152.71	152.71	152.71	152.71	0	USD	
12/11/2018	150.17	150.17	150.17	150.17	0	USD	
13/11/2018	148.95	148.95	148.95	148.95	0	USD	
14/11/2018	147.96	147.96	147.96	147.96	0	USD	
15/11/2018	149.64	149.64	149.64	149.64	0	USD	
16/11/2018	149.53	149.53	149.53	149.53	0	USD	
19/11/2018	148.78	148.78	148.78	148.78	0	USD	
20/11/2018	145.28	145.28	145.28	145.28	0	USD	
21/11/2018	146.74	146.74	146.74	146.74	0	USD	
23/11/2018	145.04	145.04	145.04	145.04	0	USD	
26/11/2018	146.99	146.99	146.99	146.99	0	USD	
27/11/2018	147.06	147.06	147.06	147.06	0	USD	
28/11/2018	149.46	149.46	149.46	149.46	0	USD	
29/11/2018	149.07	149.07	149.07	149.07	0	USD	
30/11/2018	149.99	149.99	149.99	149.99	0	USD	
03/12/2018	151.71	151.71	151.71	151.71	0	USD	
04/12/2018	146.69	146.69	146.69	146.69	0	USD	
06/12/2018	144.59	144.59	144.59	144.59	0	USD	
07/12/2018	142.37	142.37	142.37	142.37	0	USD	
10/12/2018	140.53	140.53	140.53	140.53	0	USD	
11/12/2018	140.11	140.11	140.11	140.11	0	USD	
12/12/2018	141.22	141.22	141.22	141.22	0	USD	
13/12/2018	140.38	140.38	140.38	140.38	0	USD	
14/12/2018	138.16	138.16	138.16	138.16	0	USD	
17/12/2018	136.11	136.11	136.11	136.11	0	USD	
18/12/2018	134.87	134.87	134.87	134.87	0	USD	
19/12/2018	132.78	132.78	132.78	132.78	0	USD	
20/12/2018	130.71	130.71	130.71	130.71	0	USD	
21/12/2018	127.51	127.51	127.51	127.51	0	USD	
27/12/2018	130.75	130.75	130.75	130.75	0	USD	
28/12/2018	130.3	130.3	130.3	130.3	0	USD	
31/12/2018	131.32	131.32	131.32	131.32	0	USD	
02/01/2019	133.02	133.02	133.02	133.02	0	USD	
03/01/2019	132.3	132.3	132.3	132.3	0	USD	
04/01/2019	137.43	137.43	137.43	137.43	0	USD	
07/01/2019	139.1	139.1	139.1	139.1	0	USD	
08/01/2019	140.28	140.28	140.28	140.28	0	USD	
09/01/2019	141.6	141.6	141.6	141.6	0	USD	
10/01/2019	142.08	142.08	142.08	142.08	0	USD	
11/01/2019	142.51	142.51	142.51	142.51	0	USD	
14/01/2019	142.38	142.38	142.38	142.38	0	USD	
15/01/2019	143.45	143.45	143.45	143.45	0	USD	
16/01/2019	144.08	144.08	144.08	144.08	0	USD	
17/01/2019	145.47	145.47	145.47	145.47	0	USD	
18/01/2019	147.32	147.32	147.32	147.32	0	USD	
22/01/2019	144.88	144.88	144.88	144.88	0	USD	
23/01/2019	144.75	144.75	144.75	144.75	0	USD	
24/01/2019	145.12	145.12	145.12	145.12	0	USD	
25/01/2019	147.05	147.05	147.05	147.05	0	USD	
28/01/2019	145.71	145.71	145.71	145.71	0	USD	
29/01/2019	145.37	145.37	145.37	145.37	0	USD	
30/01/2019	146.49	146.49	146.49	146.49	0	USD	
31/01/2019	147.13	147.13	147.13	147.13	0	USD	
01/02/2019	148	148	148	148	0	USD	
04/02/2019	148.16	148.16	148.16	148.16	0	USD	
05/02/2019	147.74	147.74	147.74	147.74	0	USD	
06/02/2019	147.49	147.49	147.49	147.49	0	USD	
07/02/2019	145.02	145.02	145.02	145.02	0	USD	
08/02/2019	144.48	144.48	144.48	144.48	0	USD	
11/02/2019	145.14	145.14	145.14	145.14	0	USD	
12/02/2019	147.25	147.25	147.25	147.25	0	USD	
13/02/2019	148.08	148.08	148.08	148.08	0	USD	
14/02/2019	147.8	147.8	147.8	147.8	0	USD	
15/02/2019	149.91	149.91	149.91	149.91	0	USD	
19/02/2019	150.73	150.73	150.73	150.73	0	USD	
20/02/2019	151.69	151.69	151.69	151.69	0	USD	
21/02/2019	150.35	150.35	150.35	150.35	0	USD	
22/02/2019	151.01	151.01	151.01	151.01	0	USD	
25/02/2019	151.31	151.31	151.31	151.31	0	USD	
26/02/2019	150.36	150.36	150.36	150.36	0	USD	
27/02/2019	150.05	150.05	150.05	150.05	0	USD	
28/02/2019	149.21	149.21	149.21	149.21	0	USD	
01/03/2019	150.64	150.64	150.64	150.64	0	USD	
04/03/2019	149.61	149.61	149.61	149.61	0	USD	
05/03/2019	149.03	149.03	149.03	149.03	0	USD	
06/03/2019	146.95	146.95	146.95	146.95	0	USD	
07/03/2019	146.07	146.07	146.07	146.07	0	USD	
08/03/2019	145.46	145.46	145.46	145.46	0	USD	
11/03/2019	147.38	147.38	147.38	147.38	0	USD	
12/03/2019	148.29	148.29	148.29	148.29	0	USD	
13/03/2019	149.75	149.75	149.75	149.75	0	USD	
14/03/2019	149.45	149.45	149.45	149.45	0	USD	
15/03/2019	149.99	149.99	149.99	149.99	0	USD	
18/03/2019	151.13	151.13	151.13	151.13	0	USD	
19/03/2019	150.89	150.89	150.89	150.89	0	USD	
20/03/2019	150.11	150.11	150.11	150.11	0	USD	
21/03/2019	150.97	150.97	150.97	150.97	0	USD	
22/03/2019	146.92	146.92	146.92	146.92	0	USD	
25/03/2019	146.53	146.53	146.53	146.53	0	USD	
27/03/2019	147.38	147.38	147.38	147.38	0	USD	
28/03/2019	147.6	147.6	147.6	147.6	0	USD	
29/03/2019	148.27	148.27	148.27	148.27	0	USD	
01/04/2019	151.06	151.06	151.06	151.06	0	USD	
02/04/2019	150.32	150.32	150.32	150.32	0	USD	
03/04/2019	150.13	150.13	150.13	150.13	0	USD	
04/04/2019	151.47	151.47	151.47	151.47	0	USD	
05/04/2019	153.16	153.16	153.16	153.16	0	USD	
08/04/2019	153.52	153.52	153.52	153.52	0	USD	
09/04/2019	151.84	151.84	151.84	151.84	0	USD	
10/04/2019	152.73	152.73	152.73	152.73	0	USD	
11/04/2019	152.79	152.79	152.79	152.79	0	USD	
12/04/2019	154.24	154.24	154.24	154.24	0	USD	
15/04/2019	153.67	153.67	153.67	153.67	0	USD	
16/04/2019	154.31	154.31	154.31	154.31	0	USD	
17/04/2019	152.67	152.67	152.67	152.67	0	USD	
18/04/2019	152.22	152.22	152.22	152.22	0	USD	
23/04/2019	153.34	153.34	153.34	153.34	0	USD	
24/04/2019	151.98	151.98	151.98	151.98	0	USD	
25/04/2019	150.44	150.44	150.44	150.44	0	USD	
26/04/2019	151.17	151.17	151.17	151.17	0	USD	
29/04/2019	151.85	151.85	151.85	151.85	0	USD	
30/04/2019	151.71	151.71	151.71	151.71	0	USD	
02/05/2019	149.12	149.12	149.12	149.12	0	USD	
03/05/2019	150.85	150.85	150.85	150.85	0	USD	
06/05/2019	150.51	150.51	150.51	150.51	0	USD	
07/05/2019	148.67	148.67	148.67	148.67	0	USD	
10/05/2019	148.54	148.54	148.54	148.54	0	USD	
13/05/2019	144.55	144.55	144.55	144.55	0	USD	
14/05/2019	146.03	146.03	146.03	146.03	0	USD	
15/05/2019	146.28	146.28	146.28	146.28	0	USD	
16/05/2019	147.6	147.6	147.6	147.6	0	USD	
17/05/2019	146.45	146.45	146.45	146.45	0	USD	
20/05/2019	146.39	146.39	146.39	146.39	0	USD	
21/05/2019	147.83	147.83	147.83	147.83	0	USD	
22/05/2019	146.15	146.15	146.15	146.15	0	USD	
23/05/2019	143.39	143.39	143.39	143.39	0	USD	
24/05/2019	143.54	143.54	143.54	143.54	0	USD	
28/05/2019	141.77	141.77	141.77	141.77	0	USD	
29/05/2019	140.92	140.92	140.92	140.92	0	USD	
31/05/2019	137.37	137.37	137.37	137.37	0	USD	
03/06/2019	139.28	139.28	139.28	139.28	0	USD	
04/06/2019	142.53	142.53	142.53	142.53	0	USD	
05/06/2019	142.09	142.09	142.09	142.09	0	USD	
06/06/2019	142.86	142.86	142.86	142.86	0	USD	
07/06/2019	143.3	143.3	143.3	143.3	0	USD	
11/06/2019	144.14	144.14	144.14	144.14	0	USD	
12/06/2019	143.17	143.17	143.17	143.17	0	USD	
13/06/2019	144.1	144.1	144.1	144.1	0	USD	
14/06/2019	143.24	143.24	143.24	143.24	0	USD	
17/06/2019	143.88	143.88	143.88	143.88	0	USD	
18/06/2019	145.54	145.54	145.54	145.54	0	USD	
19/06/2019	145.54	145.54	145.54	145.54	0	USD	
20/06/2019	147.05	147.05	147.05	147.05	0	USD	
21/06/2019	146.81	146.81	146.81	146.81	0	USD	
24/06/2019	146.11	146.11	146.11	146.11	0	USD	
25/06/2019	147.32	147.32	147.32	147.32	0	USD	
26/06/2019	147.71	147.71	147.71	147.71	0	USD	
27/06/2019	148.35	148.35	148.35	148.35	0	USD	
28/06/2019	150	150	150	150	0	USD	
01/07/2019	151.06	151.06	151.06	151.06	0	USD	
02/07/2019	150.19	150.19	150.19	150.19	0	USD	
03/07/2019	150.92	150.92	150.92	150.92	0	USD	
05/07/2019	151.18	151.18	151.18	151.18	0	USD	
08/07/2019	150.06	150.06	150.06	150.06	0	USD	
09/07/2019	149.68	149.68	149.68	149.68	0	USD	
10/07/2019	150.26	150.26	150.26	150.26	0	USD	
11/07/2019	150.02	150.02	150.02	150.02	0	USD	
12/07/2019	150.88	150.88	150.88	150.88	0	USD	
15/07/2019	150.55	150.55	150.55	150.55	0	USD	
16/07/2019	149.97	149.97	149.97	149.97	0	USD	
17/07/2019	148.59	148.59	148.59	148.59	0	USD	
18/07/2019	148.94	148.94	148.94	148.94	0	USD	
19/07/2019	148.95	148.95	148.95	148.95	0	USD	
22/07/2019	149.1	149.1	149.1	149.1	0	USD	
23/07/2019	150.64	150.64	150.64	150.64	0	USD	
24/07/2019	151.8	151.8	151.8	151.8	0	USD	
25/07/2019	150.43	150.43	150.43	150.43	0	USD	
26/07/2019	151.18	151.18	151.18	151.18	0	USD	
29/07/2019	150.45	150.45	150.45	150.45	0	USD	
30/07/2019	151.69	151.69	151.69	151.69	0	USD	
31/07/2019	150.79	150.79	150.79	150.79	0	USD	
01/08/2019	145.54	145.54	145.54	145.54	0	USD	
02/08/2019	143.64	143.64	143.64	143.64	0	USD	
05/08/2019	139.98	139.98	139.98	139.98	0	USD	
06/08/2019	139.93	139.93	139.93	139.93	0	USD	
07/08/2019	139.63	139.63	139.63	139.63	0	USD	
08/08/2019	141.95	141.95	141.95	141.95	0	USD	
09/08/2019	139.92	139.92	139.92	139.92	0	USD	
12/08/2019	137.77	137.77	137.77	137.77	0	USD	
13/08/2019	139.16	139.16	139.16	139.16	0	USD	
14/08/2019	134.33	134.33	134.33	134.33	0	USD	
16/08/2019	136.01	136.01	136.01	136.01	0	USD	
19/08/2019	137.93	137.93	137.93	137.93	0	USD	
20/08/2019	136.42	136.42	136.42	136.42	0	USD	
21/08/2019	137.09	137.09	137.09	137.09	0	USD	
22/08/2019	137.09	137.09	137.09	137.09	0	USD	
23/08/2019	132.97	132.97	132.97	132.97	0	USD	
26/08/2019	134.02	134.02	134.02	134.02	0	USD	
27/08/2019	133.07	133.07	133.07	133.07	0	USD	
28/08/2019	134.61	134.61	134.61	134.61	0	USD	
29/08/2019	136.33	136.33	136.33	136.33	0	USD	
30/08/2019	136.76	136.76	136.76	136.76	0	USD	
03/09/2019	135.04	135.04	135.04	135.04	0	USD	
04/09/2019	137.62	137.62	137.62	137.62	0	USD	
05/09/2019	140.43	140.43	140.43	140.43	0	USD	
06/09/2019	140.63	140.63	140.63	140.63	0	USD	
09/09/2019	143.89	143.89	143.89	143.89	0	USD	
10/09/2019	145.91	145.91	145.91	145.91	0	USD	
11/09/2019	147.59	147.59	147.59	147.59	0	USD	
12/09/2019	147.07	147.07	147.07	147.07	0	USD	
13/09/2019	147.44	147.44	147.44	147.44	0	USD	
16/09/2019	149.58	149.58	149.58	149.58	0	USD	
17/09/2019	147.45	147.45	147.45	147.45	0	USD	
18/09/2019	147.05	147.05	147.05	147.05	0	USD	
19/09/2019	146.94	146.94	146.94	146.94	0	USD	
20/09/2019	146.97	146.97	146.97	146.97	0	USD	
23/09/2019	146.6	146.6	146.6	146.6	0	USD	
24/09/2019	143.77	143.77	143.77	143.77	0	USD	
25/09/2019	144.39	144.39	144.39	144.39	0	USD	
26/09/2019	142.69	142.69	142.69	142.69	0	USD	
27/09/2019	142.98	142.98	142.98	142.98	0	USD	
30/09/2019	143.65	143.65	143.65	143.65	0	USD	
01/10/2019	140.63	140.63	140.63	140.63	0	USD	
02/10/2019	137.88	137.88	137.88	137.88	0	USD	
03/10/2019	138.82	138.82	138.82	138.82	0	USD	
04/10/2019	139.99	139.99	139.99	139.99	0	USD	
07/10/2019	139.11	139.11	139.11	139.11	0	USD	
08/10/2019	136.46	136.46	136.46	136.46	0	USD	
09/10/2019	137.42	137.42	137.42	137.42	0	USD	
10/10/2019	139.31	139.31	139.31	139.31	0	USD	
11/10/2019	142.02	142.02	142.02	142.02	0	USD	
14/10/2019	141.53	141.53	141.53	141.53	0	USD	
15/10/2019	142.9	142.9	142.9	142.9	0	USD	
16/10/2019	142.57	142.57	142.57	142.57	0	USD	
17/10/2019	142.78	142.78	142.78	142.78	0	USD	
18/10/2019	142.86	142.86	142.86	142.86	0	USD	
21/10/2019	143.89	143.89	143.89	143.89	0	USD	
22/10/2019	144.51	144.51	144.51	144.51	0	USD	
23/10/2019	145.26	145.26	145.26	145.26	0	USD	
24/10/2019	143.81	143.81	143.81	143.81	0	USD	
25/10/2019	144.91	144.91	144.91	144.91	0	USD	
28/10/2019	145.41	145.41	145.41	145.41	0	USD	
29/10/2019	145.73	145.73	145.73	145.73	0	USD	
30/10/2019	145.15	145.15	145.15	145.15	0	USD	
31/10/2019	144.39	144.39	144.39	144.39	0	USD	
04/11/2019	150.37	150.37	150.37	150.37	0	USD	
05/11/2019	150.58	150.58	150.58	150.58	0	USD	
06/11/2019	149.87	149.87	149.87	149.87	0	USD	
07/11/2019	150.91	150.91	150.91	150.91	0	USD	
08/11/2019	151.34	151.34	151.34	151.34	0	USD	
12/11/2019	149.72	149.72	149.72	149.72	0	USD	
13/11/2019	148.5	148.5	148.5	148.5	0	USD	
14/11/2019	148.4	148.4	148.4	148.4	0	USD	
15/11/2019	149.62	149.62	149.62	149.62	0	USD	
18/11/2019	148.74	148.74	148.74	148.74	0	USD	
19/11/2019	148.06	148.06	148.06	148.06	0	USD	
20/11/2019	147.72	147.72	147.72	147.72	0	USD	
21/11/2019	148.44	148.44	148.44	148.44	0	USD	
22/11/2019	149.17	149.17	149.17	149.17	0	USD	
25/11/2019	150.43	150.43	150.43	150.43	0	USD	
26/11/2019	149.35	149.35	149.35	149.35	0	USD	
27/11/2019	150.15	150.15	150.15	150.15	0	USD	
29/11/2019	149.32	149.32	149.32	149.32	0	USD	
02/12/2019	148.94	148.94	148.94	148.94	0	USD	
03/12/2019	147.1	147.1	147.1	147.1	0	USD	
04/12/2019	149.26	149.26	149.26	149.26	0	USD	
05/12/2019	149.04	149.04	149.04	149.04	0	USD	
06/12/2019	151.33	151.33	151.33	151.33	0	USD	
09/12/2019	150.89	150.89	150.89	150.89	0	USD	
10/12/2019	150.7	150.7	150.7	150.7	0	USD	
11/12/2019	151.05	151.05	151.05	151.05	0	USD	
12/12/2019	153.73	153.73	153.73	153.73	0	USD	
13/12/2019	152.34	152.34	152.34	152.34	0	USD	
16/12/2019	153.6	153.6	153.6	153.6	0	USD	
17/12/2019	153.98	153.98	153.98	153.98	0	USD	
18/12/2019	154.19	154.19	154.19	154.19	0	USD	
19/12/2019	154.69	154.69	154.69	154.69	0	USD	
20/12/2019	155.36	155.36	155.36	155.36	0	USD	
23/12/2019	156.17	156.17	156.17	156.17	0	USD	
27/12/2019	155.76	155.76	155.76	155.76	0	USD	
30/12/2019	155.35	155.35	155.35	155.35	0	USD	
31/12/2019	156.25	156.25	156.25	156.25	0	USD	
02/01/2020	156.6	156.6	156.6	156.6	0	USD	
03/01/2020	155.65	155.65	155.65	155.65	0	USD	
06/01/2020	156.31	156.31	156.31	156.31	0	USD	
07/01/2020	155.96	155.96	155.96	155.96	0	USD	
08/01/2020	155.24	155.24	155.24	155.24	0	USD	
09/01/2020	155.12	155.12	155.12	155.12	0	USD	
10/01/2020	154.34	154.34	154.34	154.34	0	USD	
13/01/2020	154.72	154.72	154.72	154.72	0	USD	
14/01/2020	156.01	156.01	156.01	156.01	0	USD	
15/01/2020	155.93	155.93	155.93	155.93	0	USD	
16/01/2020	154.89	154.89	154.89	154.89	0	USD	
17/01/2020	154.55	154.55	154.55	154.55	0	USD	
21/01/2020	153.42	153.42	153.42	153.42	0	USD	
22/01/2020	153.23	153.23	153.23	153.23	0	USD	
23/01/2020	152.65	152.65	152.65	152.65	0	USD	
24/01/2020	150.07	150.07	150.07	150.07	0	USD	
27/01/2020	147.36	147.36	147.36	147.36	0	USD	
28/01/2020	148.83	148.83	148.83	148.83	0	USD	
29/01/2020	147.36	147.36	147.36	147.36	0	USD	
30/01/2020	147.83	147.83	147.83	147.83	0	USD	
31/01/2020	145.5	145.5	145.5	145.5	0	USD	
03/02/2020	146.51	146.51	146.51	146.51	0	USD	
04/02/2020	149.43	149.43	149.43	149.43	0	USD	
05/02/2020	152.9	152.9	152.9	152.9	0	USD	
06/02/2020	152.22	152.22	152.22	152.22	0	USD	
07/02/2020	151.53	151.53	151.53	151.53	0	USD	
10/02/2020	152.02	152.02	152.02	152.02	0	USD	
11/02/2020	152.47	152.47	152.47	152.47	0	USD	
12/02/2020	154	154	154	154	0	USD	
13/02/2020	152.79	152.79	152.79	152.79	0	USD	
14/02/2020	151.57	151.57	151.57	151.57	0	USD	
18/02/2020	149.35	149.35	149.35	149.35	0	USD	
19/02/2020	150.98	150.98	150.98	150.98	0	USD	
20/02/2020	150.79	150.79	150.79	150.79	0	USD	
21/02/2020	148.93	148.93	148.93	148.93	0	USD	
24/02/2020	143.98	143.98	143.98	143.98	0	USD	
25/02/2020	138.88	138.88	138.88	138.88	0	USD	
26/02/2020	136.83	136.83	136.83	136.83	0	USD	
27/02/2020	131.52	131.52	131.52	131.52	0	USD	
28/02/2020	129.35	129.35	129.35	129.35	0	USD	
02/03/2020	134.61	134.61	134.61	134.61	0	USD	
03/03/2020	130.6	130.6	130.6	130.6	0	USD	
04/03/2020	134.64	134.64	134.64	134.64	0	USD	
05/03/2020	129.67	129.67	129.67	129.67	0	USD	
06/03/2020	124.11	124.11	124.11	124.11	0	USD	
09/03/2020	108.87	108.87	108.87	108.87	0	USD	
10/03/2020	113.62	113.62	113.62	113.62	0	USD	
11/03/2020	107.26	107.26	107.26	107.26	0	USD	
12/03/2020	95.39	95.39	95.39	95.39	0	USD	
13/03/2020	105.65	105.65	105.65	105.65	0	USD	
16/03/2020	92.85	92.85	92.85	92.85	0	USD	
17/03/2020	95.99	95.99	95.99	95.99	0	USD	
18/03/2020	87.73	87.73	87.73	87.73	0	USD	
19/03/2020	90.52	90.52	90.52	90.52	0	USD	
20/03/2020	86.68	86.68	86.68	86.68	0	USD	
23/03/2020	83.13	83.13	83.13	83.13	0	USD	
24/03/2020	93.09	93.09	93.09	93.09	0	USD	
25/03/2020	95.47	95.47	95.47	95.47	0	USD	
26/03/2020	101.02	101.02	101.02	101.02	0	USD	
27/03/2020	96.11	96.11	96.11	96.11	0	USD	
30/03/2020	98.11	98.11	98.11	98.11	0	USD	
31/03/2020	97.7	97.7	97.7	97.7	0	USD	
01/04/2020	91.65	91.65	91.65	91.65	0	USD	
02/04/2020	94.14	94.14	94.14	94.14	0	USD	
03/04/2020	92.34	92.34	92.34	92.34	0	USD	
06/04/2020	98.1	98.1	98.1	98.1	0	USD	
07/04/2020	100.14	100.14	100.14	100.14	0	USD	
08/04/2020	105.1	105.1	105.1	105.1	0	USD	
09/04/2020	108.63	108.63	108.63	108.63	0	USD	
14/04/2020	107.49	107.49	107.49	107.49	0	USD	
15/04/2020	102.72	102.72	102.72	102.72	0	USD	
16/04/2020	100.59	100.59	100.59	100.59	0	USD	
17/04/2020	106.49	106.49	106.49	106.49	0	USD	
20/04/2020	103.92	103.92	103.92	103.92	0	USD	
21/04/2020	100.76	100.76	100.76	100.76	0	USD	
22/04/2020	102.6	102.6	102.6	102.6	0	USD	
23/04/2020	104.5	104.5	104.5	104.5	0	USD	
24/04/2020	105.65	105.65	105.65	105.65	0	USD	
27/04/2020	108.93	108.93	108.93	108.93	0	USD	
28/04/2020	110.3	110.3	110.3	110.3	0	USD	
29/04/2020	115.81	115.81	115.81	115.81	0	USD	
30/04/2020	113.14	113.14	113.14	113.14	0	USD	
04/05/2020	108.41	108.41	108.41	108.41	0	USD	
05/05/2020	108.78	108.78	108.78	108.78	0	USD	
06/05/2020	106.34	106.34	106.34	106.34	0	USD	
07/05/2020	108.21	108.21	108.21	108.21	0	USD	
11/05/2020	109.95	109.95	109.95	109.95	0	USD	
12/05/2020	107.04	107.04	107.04	107.04	0	USD	
14/05/2020	104.61	104.61	104.61	104.61	0	USD	
15/05/2020	104.68	104.68	104.68	104.68	0	USD	
18/05/2020	111.31	111.31	111.31	111.31	0	USD	
19/05/2020	109.2	109.2	109.2	109.2	0	USD	
20/05/2020	111.65	111.65	111.65	111.65	0	USD	
22/05/2020	110.24	110.24	110.24	110.24	0	USD	
26/05/2020	115.41	115.41	115.41	115.41	0	USD	
27/05/2020	118.88	118.88	118.88	118.88	0	USD	
28/05/2020	116.52	116.52	116.52	116.52	0	USD	
29/05/2020	114.95	114.95	114.95	114.95	0	USD	
03/06/2020	122.72	122.72	122.72	122.72	0	USD	
04/06/2020	124.93	124.93	124.93	124.93	0	USD	
05/06/2020	130.54	130.54	130.54	130.54	0	USD	
08/06/2020	135.55	135.55	135.55	135.55	0	USD	
09/06/2020	131.64	131.64	131.64	131.64	0	USD	
10/06/2020	126.25	126.25	126.25	126.25	0	USD	
11/06/2020	114.97	114.97	114.97	114.97	0	USD	
12/06/2020	118.28	118.28	118.28	118.28	0	USD	
15/06/2020	118.51	118.51	118.51	118.51	0	USD	
16/06/2020	121.63	121.63	121.63	121.63	0	USD	
17/06/2020	118.95	118.95	118.95	118.95	0	USD	
18/06/2020	118.8	118.8	118.8	118.8	0	USD	
19/06/2020	117.92	117.92	117.92	117.92	0	USD	
24/06/2020	113.6	113.6	113.6	113.6	0	USD	
25/06/2020	115.9	115.9	115.9	115.9	0	USD	
26/06/2020	112.04	112.04	112.04	112.04	0	USD	
29/06/2020	114.48	114.48	114.48	114.48	0	USD	
30/06/2020	116.46	116.46	116.46	116.46	0	USD	
01/07/2020	114.85	114.85	114.85	114.85	0	USD	
02/07/2020	115.99	115.99	115.99	115.99	0	USD	
06/07/2020	117.44	117.44	117.44	117.44	0	USD	
07/07/2020	114.66	114.66	114.66	114.66	0	USD	
08/07/2020	115	115	115	115	0	USD	
09/07/2020	111.05	111.05	111.05	111.05	0	USD	
10/07/2020	114.51	114.51	114.51	114.51	0	USD	
13/07/2020	114.76	114.76	114.76	114.76	0	USD	
15/07/2020	118.81	118.81	118.81	118.81	0	USD	
16/07/2020	118.5	118.5	118.5	118.5	0	USD	
17/07/2020	118.04	118.04	118.04	118.04	0	USD	
20/07/2020	116.9	116.9	116.9	116.9	0	USD	
21/07/2020	119.14	119.14	119.14	119.14	0	USD	
22/07/2020	119.73	119.73	119.73	119.73	0	USD	
23/07/2020	120.04	120.04	120.04	120.04	0	USD	
24/07/2020	118.93	118.93	118.93	118.93	0	USD	
27/07/2020	118.89	118.89	118.89	118.89	0	USD	
28/07/2020	118.18	118.18	118.18	118.18	0	USD	
29/07/2020	120.45	120.45	120.45	120.45	0	USD	
30/07/2020	117.88	117.88	117.88	117.88	0	USD	
31/07/2020	117.13	117.13	117.13	117.13	0	USD	
03/08/2020	117.85	117.85	117.85	117.85	0	USD	
04/08/2020	118.52	118.52	118.52	118.52	0	USD	
05/08/2020	120.27	120.27	120.27	120.27	0	USD	
06/08/2020	119.64	119.64	119.64	119.64	0	USD	
07/08/2020	121.29	121.29	121.29	121.29	0	USD	
10/08/2020	123.92	123.92	123.92	123.92	0	USD	
11/08/2020	124.41	124.41	124.41	124.41	0	USD	
12/08/2020	124.6	124.6	124.6	124.6	0	USD	
13/08/2020	123.42	123.42	123.42	123.42	0	USD	
14/08/2020	123.93	123.93	123.93	123.93	0	USD	
17/08/2020	123.07	123.07	123.07	123.07	0	USD	
18/08/2020	122.07	122.07	122.07	122.07	0	USD	
19/08/2020	121.67	121.67	121.67	121.67	0	USD	
20/08/2020	119.8	119.8	119.8	119.8	0	USD	
21/08/2020	118.7	118.7	118.7	118.7	0	USD	
24/08/2020	121.05	121.05	121.05	121.05	0	USD	
25/08/2020	120.92	120.92	120.92	120.92	0	USD	
26/08/2020	120	120	120	120	0	USD	
27/08/2020	121.31	121.31	121.31	121.31	0	USD	
28/08/2020	122.27	122.27	122.27	122.27	0	USD	
31/08/2020	120.34	120.34	120.34	120.34	0	USD	
01/09/2020	120.38	120.38	120.38	120.38	0	USD	
02/09/2020	121.87	121.87	121.87	121.87	0	USD	
03/09/2020	120.08	120.08	120.08	120.08	0	USD	
04/09/2020	120.86	120.86	120.86	120.86	0	USD	
08/09/2020	117.3	117.3	117.3	117.3	0	USD	
09/09/2020	118.52	118.52	118.52	118.52	0	USD	
10/09/2020	116.43	116.43	116.43	116.43	0	USD	
11/09/2020	116.61	116.61	116.61	116.61	0	USD	
14/09/2020	118.21	118.21	118.21	118.21	0	USD	
15/09/2020	117.15	117.15	117.15	117.15	0	USD	
16/09/2020	119.52	119.52	119.52	119.52	0	USD	
17/09/2020	119.45	119.45	119.45	119.45	0	USD	
18/09/2020	118.77	118.77	118.77	118.77	0	USD	
21/09/2020	113.97	113.97	113.97	113.97	0	USD	
22/09/2020	113.28	113.28	113.28	113.28	0	USD	
23/09/2020	110.07	110.07	110.07	110.07	0	USD	
24/09/2020	110.03	110.03	110.03	110.03	0	USD	
25/09/2020	110.66	110.66	110.66	110.66	0	USD	
28/09/2020	112.93	112.93	112.93	112.93	0	USD	
29/09/2020	111.46	111.46	111.46	111.46	0	USD	
30/09/2020	112.21	112.21	112.21	112.21	0	USD	
01/10/2020	111.62	111.62	111.62	111.62	0	USD	
02/10/2020	112.51	112.51	112.51	112.51	0	USD	
05/10/2020	114.69	114.69	114.69	114.69	0	USD	
06/10/2020	113.32	113.32	113.32	113.32	0	USD	
07/10/2020	115.47	115.47	115.47	115.47	0	USD	
08/10/2020	117.84	117.84	117.84	117.84	0	USD	
09/10/2020	117.15	117.15	117.15	117.15	0	USD	
12/10/2020	117.74	117.74	117.74	117.74	0	USD	
13/10/2020	115.8	115.8	115.8	115.8	0	USD	
14/10/2020	115.58	115.58	115.58	115.58	0	USD	
15/10/2020	116.42	116.42	116.42	116.42	0	USD	
16/10/2020	116.09	116.09	116.09	116.09	0	USD	
19/10/2020	114.74	114.74	114.74	114.74	0	USD	
20/10/2020	115.89	115.89	115.89	115.89	0	USD	
21/10/2020	115.17	115.17	115.17	115.17	0	USD	
22/10/2020	118.2	118.2	118.2	118.2	0	USD	
23/10/2020	118.99	118.99	118.99	118.99	0	USD	
26/10/2020	115.72	115.72	115.72	115.72	0	USD	
27/10/2020	113.7	113.7	113.7	113.7	0	USD	
28/10/2020	110.01	110.01	110.01	110.01	0	USD	
29/10/2020	110.98	110.98	110.98	110.98	0	USD	
30/10/2020	111.83	111.83	111.83	111.83	0	USD	
02/11/2020	115.14	115.14	115.14	115.14	0	USD	
03/11/2020	116.62	116.62	116.62	116.62	0	USD	
04/11/2020	114.79	114.79	114.79	114.79	0	USD	
05/11/2020	117.87	117.87	117.87	117.87	0	USD	
06/11/2020	117.19	117.19	117.19	117.19	0	USD	
09/11/2020	128.14	128.14	128.14	128.14	0	USD	
10/11/2020	129.71	129.71	129.71	129.71	0	USD	
12/11/2020	126.23	126.23	126.23	126.23	0	USD	
13/11/2020	129.3	129.3	129.3	129.3	0	USD	
16/11/2020	133.24	133.24	133.24	133.24	0	USD	
17/11/2020	133.03	133.03	133.03	133.03	0	USD	
18/11/2020	132.06	132.06	132.06	132.06	0	USD	
19/11/2020	133.1	133.1	133.1	133.1	0	USD	
20/11/2020	132.78	132.78	132.78	132.78	0	USD	
23/11/2020	136.9	136.9	136.9	136.9	0	USD	
24/11/2020	142.13	142.13	142.13	142.13	0	USD	
25/11/2020	140.66	140.66	140.66	140.66	0	USD	
27/11/2020	140.52	140.52	140.52	140.52	0	USD	
30/11/2020	137.09	137.09	137.09	137.09	0	USD	
01/12/2020	138.42	138.42	138.42	138.42	0	USD	
02/12/2020	140.35	140.35	140.35	140.35	0	USD	
03/12/2020	141.81	141.81	141.81	141.81	0	USD	
04/12/2020	145.83	145.83	145.83	145.83	0	USD	
07/12/2020	143.77	143.77	143.77	143.77	0	USD	
08/12/2020	144.74	144.74	144.74	144.74	0	USD	
09/12/2020	144.61	144.61	144.61	144.61	0	USD	
10/12/2020	145.26	145.26	145.26	145.26	0	USD	
11/12/2020	143.22	143.22	143.22	143.22	0	USD	
14/12/2020	140.97	140.97	140.97	140.97	0	USD	
15/12/2020	143.68	143.68	143.68	143.68	0	USD	
16/12/2020	143.23	143.23	143.23	143.23	0	USD	
17/12/2020	143.7	143.7	143.7	143.7	0	USD	
18/12/2020	142.33	142.33	142.33	142.33	0	USD	
21/12/2020	141.53	141.53	141.53	141.53	0	USD	
22/12/2020	139.1	139.1	139.1	139.1	0	USD	
23/12/2020	141.87	141.87	141.87	141.87	0	USD	
28/12/2020	141.83	141.83	141.83	141.83	0	USD	
29/12/2020	141.31	141.31	141.31	141.31	0	USD	
30/12/2020	142.67	142.67	142.67	142.67	0	USD	
04/01/2021	142.84	142.84	142.84	142.84	0	USD	
05/01/2021	146.05	146.05	146.05	146.05	0	USD	
06/01/2021	151.67	151.67	151.67	151.67	0	USD	
07/01/2021	153.24	153.24	153.24	153.24	0	USD	
08/01/2021	152.28	152.28	152.28	152.28	0	USD	
11/01/2021	152.75	152.75	152.75	152.75	0	USD	
12/01/2021	155.77	155.77	155.77	155.77	0	USD	
13/01/2021	154.53	154.53	154.53	154.53	0	USD	
14/01/2021	157.06	157.06	157.06	157.06	0	USD	
15/01/2021	153.66	153.66	153.66	153.66	0	USD	
19/01/2021	154.77	154.77	154.77	154.77	0	USD	
20/01/2021	154.6	154.6	154.6	154.6	0	USD	
21/01/2021	152.8	152.8	152.8	152.8	0	USD	
22/01/2021	151.92	151.92	151.92	151.92	0	USD	
25/01/2021	150.61	150.61	150.61	150.61	0	USD	
26/01/2021	149.17	149.17	149.17	149.17	0	USD	
27/01/2021	145.89	145.89	145.89	145.89	0	USD	
28/01/2021	147.37	147.37	147.37	147.37	0	USD	
29/01/2021	144.01	144.01	144.01	144.01	0	USD	
01/02/2021	145.76	145.76	145.76	145.76	0	USD	
02/02/2021	147.01	147.01	147.01	147.01	0	USD	
03/02/2021	149.4	149.4	149.4	149.4	0	USD	
04/02/2021	151.42	151.42	151.42	151.42	0	USD	
05/02/2021	151.9	151.9	151.9	151.9	0	USD	
08/02/2021	154.97	154.97	154.97	154.97	0	USD	
09/02/2021	154.3	154.3	154.3	154.3	0	USD	
10/02/2021	155.32	155.32	155.32	155.32	0	USD	
11/02/2021	153.84	153.84	153.84	153.84	0	USD	
12/02/2021	155.23	155.23	155.23	155.23	0	USD	
16/02/2021	156.69	156.69	156.69	156.69	0	USD	
17/02/2021	158	158	158	158	0	USD	
18/02/2021	155.88	155.88	155.88	155.88	0	USD	
19/02/2021	158.9	158.9	158.9	158.9	0	USD	
22/02/2021	161.39	161.39	161.39	161.39	0	USD	
23/02/2021	162.42	162.42	162.42	162.42	0	USD	
24/02/2021	166.07	166.07	166.07	166.07	0	USD	
25/02/2021	162.79	162.79	162.79	162.79	0	USD	
26/02/2021	159.82	159.82	159.82	159.82	0	USD	
01/03/2021	162.96	162.96	162.96	162.96	0	USD	
02/03/2021	162.33	162.33	162.33	162.33	0	USD	
03/03/2021	164.49	164.49	164.49	164.49	0	USD	
04/03/2021	164.01	164.01	164.01	164.01	0	USD	
05/03/2021	168.97	168.97	168.97	168.97	0	USD	
08/03/2021	171.05	171.05	171.05	171.05	0	USD	
09/03/2021	168.72	168.72	168.72	168.72	0	USD	
10/03/2021	172.05	172.05	172.05	172.05	0	USD	
11/03/2021	173.33	173.33	173.33	173.33	0	USD	
12/03/2021	174.04	174.04	174.04	174.04	0	USD	
15/03/2021	174.93	174.93	174.93	174.93	0	USD	
16/03/2021	172.05	172.05	172.05	172.05	0	USD	
17/03/2021	173.54	173.54	173.54	173.54	0	USD	
18/03/2021	171.66	171.66	171.66	171.66	0	USD	
19/03/2021	170.47	170.47	170.47	170.47	0	USD	
22/03/2021	169.2	169.2	169.2	169.2	0	USD	
23/03/2021	165.45	165.45	165.45	165.45	0	USD	
24/03/2021	166.2	166.2	166.2	166.2	0	USD	
25/03/2021	168.94	168.94	168.94	168.94	0	USD	
26/03/2021	172.45	172.45	172.45	172.45	0	USD	
29/03/2021	171.7	171.7	171.7	171.7	0	USD	
30/03/2021	172.65	172.65	172.65	172.65	0	USD	
31/03/2021	171.38	171.38	171.38	171.38	0	USD	
01/04/2021	173.58	173.58	173.58	173.58	0	USD	
06/04/2021	173.72	173.72	173.72	173.72	0	USD	
07/04/2021	173.7	173.7	173.7	173.7	0	USD	
08/04/2021	172.84	172.84	172.84	172.84	0	USD	
09/04/2021	173.1	173.1	173.1	173.1	0	USD	
12/04/2021	172.89	172.89	172.89	172.89	0	USD	
13/04/2021	171.71	171.71	171.71	171.71	0	USD	
14/04/2021	173.85	173.85	173.85	173.85	0	USD	
15/04/2021	173.42	173.42	173.42	173.42	0	USD	
16/04/2021	173.66	173.66	173.66	173.66	0	USD	
19/04/2021	173.51	173.51	173.51	173.51	0	USD	
20/04/2021	170.57	170.57	170.57	170.57	0	USD	
21/04/2021	172.96	172.96	172.96	172.96	0	USD	
22/04/2021	171.65	171.65	171.65	171.65	0	USD	
23/04/2021	173.37	173.37	173.37	173.37	0	USD	
26/04/2021	174.67	174.67	174.67	174.67	0	USD	
27/04/2021	175.13	175.13	175.13	175.13	0	USD	
28/04/2021	176.61	176.61	176.61	176.61	0	USD	
29/04/2021	178.18	178.18	178.18	178.18	0	USD	
30/04/2021	175.98	175.98	175.98	175.98	0	USD	
03/05/2021	179.18	179.18	179.18	179.18	0	USD	
04/05/2021	179.52	179.52	179.52	179.52	0	USD	
05/05/2021	182.54	182.54	182.54	182.54	0	USD	
06/05/2021	184.41	184.41	184.41	184.41	0	USD	
07/05/2021	187.61	187.61	187.61	187.61	0	USD	
10/05/2021	187.62	187.62	187.62	187.62	0	USD	
11/05/2021	185.11	185.11	185.11	185.11	0	USD	
12/05/2021	183.31	183.31	183.31	183.31	0	USD	
14/05/2021	187.65	187.65	187.65	187.65	0	USD	
17/05/2021	189.02	189.02	189.02	189.02	0	USD	
18/05/2021	186.99	186.99	186.99	186.99	0	USD	
19/05/2021	184.16	184.16	184.16	184.16	0	USD	
20/05/2021	184.31	184.31	184.31	184.31	0	USD	
21/05/2021	185.13	185.13	185.13	185.13	0	USD	
25/05/2021	183.76	183.76	183.76	183.76	0	USD	
26/05/2021	184.94	184.94	184.94	184.94	0	USD	
27/05/2021	186.36	186.36	186.36	186.36	0	USD	
28/05/2021	186.26	186.26	186.26	186.26	0	USD	
01/06/2021	189.27	189.27	189.27	189.27	0	USD	
02/06/2021	190.13	190.13	190.13	190.13	0	USD	
03/06/2021	189.89	189.89	189.89	189.89	0	USD	
04/06/2021	190.14	190.14	190.14	190.14	0	USD	
07/06/2021	189.17	189.17	189.17	189.17	0	USD	
08/06/2021	189.87	189.87	189.87	189.87	0	USD	
09/06/2021	188.73	188.73	188.73	188.73	0	USD	
10/06/2021	188.28	188.28	188.28	188.28	0	USD	
11/06/2021	189.44	189.44	189.44	189.44	0	USD	
14/06/2021	187.25	187.25	187.25	187.25	0	USD	
15/06/2021	188.2	188.2	188.2	188.2	0	USD	
16/06/2021	187.12	187.12	187.12	187.12	0	USD	
17/06/2021	182.79	182.79	182.79	182.79	0	USD	
18/06/2021	178.85	178.85	178.85	178.85	0	USD	
21/06/2021	182.95	182.95	182.95	182.95	0	USD	
22/06/2021	183.14	183.14	183.14	183.14	0	USD	
24/06/2021	184.39	184.39	184.39	184.39	0	USD	
25/06/2021	185.28	185.28	185.28	185.28	0	USD	
28/06/2021	182.86	182.86	182.86	182.86	0	USD	
29/06/2021	181.92	181.92	181.92	181.92	0	USD	
30/06/2021	182.97	182.97	182.97	182.97	0	USD	
01/07/2021	184.93	184.93	184.93	184.93	0	USD	
02/07/2021	184.75	184.75	184.75	184.75	0	USD	
06/07/2021	180.5	180.5	180.5	180.5	0	USD	
07/07/2021	180.15	180.15	180.15	180.15	0	USD	
08/07/2021	177.55	177.55	177.55	177.55	0	USD	
09/07/2021	181.71	181.71	181.71	181.71	0	USD	
12/07/2021	182.74	182.74	182.74	182.74	0	USD	
13/07/2021	180.52	180.52	180.52	180.52	0	USD	
15/07/2021	177.89	177.89	177.89	177.89	0	USD	
16/07/2021	175.07	175.07	175.07	175.07	0	USD	
19/07/2021	170.88	170.88	170.88	170.88	0	USD	
20/07/2021	174.26	174.26	174.26	174.26	0	USD	
21/07/2021	177.54	177.54	177.54	177.54	0	USD	
22/07/2021	175.56	175.56	175.56	175.56	0	USD	
23/07/2021	175.6	175.6	175.6	175.6	0	USD	
26/07/2021	177.68	177.68	177.68	177.68	0	USD	
28/07/2021	177.66	177.66	177.66	177.66	0	USD	
29/07/2021	179.22	179.22	179.22	179.22	0	USD	
30/07/2021	177.25	177.25	177.25	177.25	0	USD	
02/08/2021	176.11	176.11	176.11	176.11	0	USD	
03/08/2021	177.66	177.66	177.66	177.66	0	USD	
04/08/2021	173.79	173.79	173.79	173.79	0	USD	
05/08/2021	176.26	176.26	176.26	176.26	0	USD	
06/08/2021	178.08	178.08	178.08	178.08	0	USD	
09/08/2021	177.44	177.44	177.44	177.44	0	USD	
10/08/2021	180.28	180.28	180.28	180.28	0	USD	
11/08/2021	181.58	181.58	181.58	181.58	0	USD	
12/08/2021	180.96	180.96	180.96	180.96	0	USD	
13/08/2021	179.8	179.8	179.8	179.8	0	USD	
16/08/2021	178.55	178.55	178.55	178.55	0	USD	
17/08/2021	177.37	177.37	177.37	177.37	0	USD	
18/08/2021	175.13	175.13	175.13	175.13	0	USD	
19/08/2021	172.46	172.46	172.46	172.46	0	USD	
20/08/2021	173.23	173.23	173.23	173.23	0	USD	
23/08/2021	176.12	176.12	176.12	176.12	0	USD	
24/08/2021	178.02	178.02	178.02	178.02	0	USD	
25/08/2021	179.02	179.02	179.02	179.02	0	USD	
26/08/2021	177.05	177.05	177.05	177.05	0	USD	
27/08/2021	180.12	180.12	180.12	180.12	0	USD	
30/08/2021	178.37	178.37	178.37	178.37	0	USD	
31/08/2021	178.91	178.91	178.91	178.91	0	USD	
01/09/2021	177.74	177.74	177.74	177.74	0	USD	
02/09/2021	180	180	180	180	0	USD	
03/09/2021	178.8	178.8	178.8	178.8	0	USD	
07/09/2021	177.85	177.85	177.85	177.85	0	USD	
08/09/2021	175.99	175.99	175.99	175.99	0	USD	
09/09/2021	175.83	175.83	175.83	175.83	0	USD	
10/09/2021	174.43	174.43	174.43	174.43	0	USD	
13/09/2021	177.5	177.5	177.5	177.5	0	USD	
14/09/2021	175.03	175.03	175.03	175.03	0	USD	
15/09/2021	178.04	178.04	178.04	178.04	0	USD	
16/09/2021	177.02	177.02	177.02	177.02	0	USD	
17/09/2021	176.16	176.16	176.16	176.16	0	USD	
20/09/2021	172.3	172.3	172.3	172.3	0	USD	
21/09/2021	171.47	171.47	171.47	171.47	0	USD	
22/09/2021	174.42	174.42	174.42	174.42	0	USD	
23/09/2021	178.12	178.12	178.12	178.12	0	USD	
24/09/2021	178.53	178.53	178.53	178.53	0	USD	
27/09/2021	182.32	182.32	182.32	182.32	0	USD	
28/09/2021	181.32	181.32	181.32	181.32	0	USD	
29/09/2021	181.71	181.71	181.71	181.71	0	USD	
30/09/2021	179.24	179.24	179.24	179.24	0	USD	
01/10/2021	182.03	182.03	182.03	182.03	0	USD	
04/10/2021	183.37	183.37	183.37	183.37	0	USD	
05/10/2021	184.82	184.82	184.82	184.82	0	USD	
06/10/2021	183.3	183.3	183.3	183.3	0	USD	
07/10/2021	184.53	184.53	184.53	184.53	0	USD	
08/10/2021	186.05	186.05	186.05	186.05	0	USD	
11/10/2021	185.43	185.43	185.43	185.43	0	USD	
12/10/2021	184.82	184.82	184.82	184.82	0	USD	
13/10/2021	183.61	183.61	183.61	183.61	0	USD	
14/10/2021	186.66	186.66	186.66	186.66	0	USD	
15/10/2021	188.32	188.32	188.32	188.32	0	USD	
18/10/2021	187.76	187.76	187.76	187.76	0	USD	
19/10/2021	188.97	188.97	188.97	188.97	0	USD	
20/10/2021	190.58	190.58	190.58	190.58	0	USD	
21/10/2021	188.79	188.79	188.79	188.79	0	USD	
22/10/2021	189.11	189.11	189.11	189.11	0	USD	
25/10/2021	188.99	188.99	188.99	188.99	0	USD	
26/10/2021	188.77	188.77	188.77	188.77	0	USD	
27/10/2021	185.8	185.8	185.8	185.8	0	USD	
28/10/2021	188.19	188.19	188.19	188.19	0	USD	
29/10/2021	186.09	186.09	186.09	186.09	0	USD	
02/11/2021	186.33	186.33	186.33	186.33	0	USD	
03/11/2021	187.98	187.98	187.98	187.98	0	USD	
04/11/2021	186.81	186.81	186.81	186.81	0	USD	
05/11/2021	188.95	188.95	188.95	188.95	0	USD	
08/11/2021	190.34	190.34	190.34	190.34	0	USD	
09/11/2021	189.51	189.51	189.51	189.51	0	USD	
10/11/2021	187.23	187.23	187.23	187.23	0	USD	
12/11/2021	188.01	188.01	188.01	188.01	0	USD	
15/11/2021	187.02	187.02	187.02	187.02	0	USD	
16/11/2021	186.33	186.33	186.33	186.33	0	USD	
17/11/2021	184.93	184.93	184.93	184.93	0	USD	
18/11/2021	183.69	183.69	183.69	183.69	0	USD	
19/11/2021	180.35	180.35	180.35	180.35	0	USD	
22/11/2021	181.88	181.88	181.88	181.88	0	USD	
23/11/2021	184.7	184.7	184.7	184.7	0	USD	
24/11/2021	184.27	184.27	184.27	184.27	0	USD	
26/11/2021	178.19	178.19	178.19	178.19	0	USD	
29/11/2021	178.15	178.15	178.15	178.15	0	USD	
30/11/2021	173.54	173.54	173.54	173.54	0	USD	
01/12/2021	171.25	171.25	171.25	171.25	0	USD	
02/12/2021	176.37	176.37	176.37	176.37	0	USD	
03/12/2021	175.23	175.23	175.23	175.23	0	USD	
06/12/2021	178.34	178.34	178.34	178.34	0	USD	
07/12/2021	180.9	180.9	180.9	180.9	0	USD	
08/12/2021	181.81	181.81	181.81	181.81	0	USD	
09/12/2021	181.12	181.12	181.12	181.12	0	USD	
10/12/2021	181.7	181.7	181.7	181.7	0	USD	
13/12/2021	178.49	178.49	178.49	178.49	0	USD	
14/12/2021	178.72	178.72	178.72	178.72	0	USD	
15/12/2021	178.79	178.79	178.79	178.79	0	USD	
16/12/2021	180.46	180.46	180.46	180.46	0	USD	
17/12/2021	178.56	178.56	178.56	178.56	0	USD	
20/12/2021	175.73	175.73	175.73	175.73	0	USD	
21/12/2021	179.86	179.86	179.86	179.86	0	USD	
22/12/2021	182.27	182.27	182.27	182.27	0	USD	
23/12/2021	182.65	182.65	182.65	182.65	0	USD	
27/12/2021	185.34	185.34	185.34	185.34	0	USD	
28/12/2021	185.16	185.16	185.16	185.16	0	USD	
29/12/2021	184.97	184.97	184.97	184.97	0	USD	
30/12/2021	184.54	184.54	184.54	184.54	0	USD	
31/12/2021	184.81	184.81	184.81	184.81	0	USD	
03/01/2022	189.15	189.15	189.15	189.15	0	USD	
04/01/2022	193.85	193.85	193.85	193.85	0	USD	
05/01/2022	192	192	192	192	0	USD	
06/01/2022	194.25	194.25	194.25	194.25	0	USD	
07/01/2022	196.52	196.52	196.52	196.52	0	USD	
10/01/2022	196.3	196.3	196.3	196.3	0	USD	
11/01/2022	199.59	199.59	199.59	199.59	0	USD	
12/01/2022	199.73	199.73	199.73	199.73	0	USD	
13/01/2022	200.83	200.83	200.83	200.83	0	USD	
14/01/2022	202.83	202.83	202.83	202.83	0	USD	
18/01/2022	199.84	199.84	199.84	199.84	0	USD	
19/01/2022	197.27	197.27	197.27	197.27	0	USD	
20/01/2022	195.19	195.19	195.19	195.19	0	USD	
21/01/2022	191.03	191.03	191.03	191.03	0	USD	
24/01/2022	191.47	191.47	191.47	191.47	0	USD	
25/01/2022	193.99	193.99	193.99	193.99	0	USD	
26/01/2022	192.64	192.64	192.64	192.64	0	USD	
27/01/2022	191.56	191.56	191.56	191.56	0	USD	
28/01/2022	193.45	193.45	193.45	193.45	0	USD	
31/01/2022	195	195	195	195	0	USD	
01/02/2022	198.69	198.69	198.69	198.69	0	USD	
02/02/2022	199.43	199.43	199.43	199.43	0	USD	
03/02/2022	196.83	196.83	196.83	196.83	0	USD	
04/02/2022	197.11	197.11	197.11	197.11	0	USD	
07/02/2022	198.14	198.14	198.14	198.14	0	USD	
08/02/2022	199.78	199.78	199.78	199.78	0	USD	
09/02/2022	202.63	202.63	202.63	202.63	0	USD	
10/02/2022	201.25	201.25	201.25	201.25	0	USD	
14/02/2022	198.27	198.27	198.27	198.27	0	USD	
15/02/2022	202.86	202.86	202.86	202.86	0	USD	
16/02/2022	204.55	204.55	204.55	204.55	0	USD	
17/02/2022	201.56	201.56	201.56	201.56	0	USD	
18/02/2022	199.27	199.27	199.27	199.27	0	USD	
22/02/2022	197.1	197.1	197.1	197.1	0	USD	
23/02/2022	195.01	195.01	195.01	195.01	0	USD	
24/02/2022	193.63	193.63	193.63	193.63	0	USD	
25/02/2022	199.89	199.89	199.89	199.89	0	USD	
28/02/2022	198.05	198.05	198.05	198.05	0	USD	
01/03/2022	193.45	193.45	193.45	193.45	0	USD	
02/03/2022	198.25	198.25	198.25	198.25	0	USD	
03/03/2022	197.34	197.34	197.34	197.34	0	USD	
04/03/2022	196.43	196.43	196.43	196.43	0	USD	
07/03/2022	193.34	193.34	193.34	193.34	0	USD	
08/03/2022	193.96	193.96	193.96	193.96	0	USD	
09/03/2022	197.02	197.02	197.02	197.02	0	USD	
10/03/2022	198.98	198.98	198.98	198.98	0	USD	
11/03/2022	197.51	197.51	197.51	197.51	0	USD	
14/03/2022	195.03	195.03	195.03	195.03	0	USD	
15/03/2022	196.23	196.23	196.23	196.23	0	USD	
16/03/2022	199.02	199.02	199.02	199.02	0	USD	
17/03/2022	202.42	202.42	202.42	202.42	0	USD	
18/03/2022	202.95	202.95	202.95	202.95	0	USD	
21/03/2022	204.52	204.52	204.52	204.52	0	USD	
22/03/2022	204.72	204.72	204.72	204.72	0	USD	
23/03/2022	204.23	204.23	204.23	204.23	0	USD	
24/03/2022	205.62	205.62	205.62	205.62	0	USD	
25/03/2022	207.86	207.86	207.86	207.86	0	USD	
28/03/2022	205.63	205.63	205.63	205.63	0	USD	
29/03/2022	207.44	207.44	207.44	207.44	0	USD	
30/03/2022	207.18	207.18	207.18	207.18	0	USD	
31/03/2022	204.42	204.42	204.42	204.42	0	USD	
01/04/2022	205.64	205.64	205.64	205.64	0	USD	
04/04/2022	206.23	206.23	206.23	206.23	0	USD	
05/04/2022	202.26	202.26	202.26	202.26	0	USD	
06/04/2022	201.17	201.17	201.17	201.17	0	USD	
07/04/2022	201.67	201.67	201.67	201.67	0	USD	
08/04/2022	204.86	204.86	204.86	204.86	0	USD	
11/04/2022	203.52	203.52	203.52	203.52	0	USD	
12/04/2022	203.88	203.88	203.88	203.88	0	USD	
13/04/2022	206.76	206.76	206.76	206.76	0	USD	
14/04/2022	207.14	207.14	207.14	207.14	0	USD	
19/04/2022	208.77	208.77	208.77	208.77	0	USD	
20/04/2022	209.15	209.15	209.15	209.15	0	USD	
21/04/2022	205.48	205.48	205.48	205.48	0	USD	
22/04/2022	199.43	199.43	199.43	199.43	0	USD	
25/04/2022	198.29	198.29	198.29	198.29	0	USD	
26/04/2022	194.32	194.32	194.32	194.32	0	USD	
27/04/2022	195.74	195.74	195.74	195.74	0	USD	
28/04/2022	197.98	197.98	197.98	197.98	0	USD	
29/04/2022	192.89	192.89	192.89	192.89	0	USD	
02/05/2022	193.77	193.77	193.77	193.77	0	USD	
03/05/2022	195.95	195.95	195.95	195.95	0	USD	
04/05/2022	201.75	201.75	201.75	201.75	0	USD	
05/05/2022	196.14	196.14	196.14	196.14	0	USD	
06/05/2022	196.47	196.47	196.47	196.47	0	USD	
10/05/2022	185.84	185.84	185.84	185.84	0	USD	
11/05/2022	185.04	185.04	185.04	185.04	0	USD	
12/05/2022	185.13	185.13	185.13	185.13	0	USD	
13/05/2022	190.52	190.52	190.52	190.52	0	USD	
16/05/2022	192.57	192.57	192.57	192.57	0	USD	
17/05/2022	197.86	197.86	197.86	197.86	0	USD	
19/05/2022	191.49	191.49	191.49	191.49	0	USD	
20/05/2022	190.89	190.89	190.89	190.89	0	USD	
23/05/2022	196.62	196.62	196.62	196.62	0	USD	
24/05/2022	195.34	195.34	195.34	195.34	0	USD	
25/05/2022	198.43	198.43	198.43	198.43	0	USD	
27/05/2022	206.49	206.49	206.49	206.49	0	USD	
31/05/2022	204.97	204.97	204.97	204.97	0	USD	
01/06/2022	204.58	204.58	204.58	204.58	0	USD	
02/06/2022	205.81	205.81	205.81	205.81	0	USD	
03/06/2022	205.13	205.13	205.13	205.13	0	USD	
07/06/2022	207.38	207.38	207.38	207.38	0	USD	
08/06/2022	205.6	205.6	205.6	205.6	0	USD	
09/06/2022	200.49	200.49	200.49	200.49	0	USD	
10/06/2022	195.39	195.39	195.39	195.39	0	USD	
13/06/2022	185.86	185.86	185.86	185.86	0	USD	
14/06/2022	184.81	184.81	184.81	184.81	0	USD	
15/06/2022	186.2	186.2	186.2	186.2	0	USD	
16/06/2022	178.78	178.78	178.78	178.78	0	USD	
17/06/2022	178.42	178.42	178.42	178.42	0	USD	
21/06/2022	183.06	183.06	183.06	183.06	0	USD	
22/06/2022	180.47	180.47	180.47	180.47	0	USD	
24/06/2022	183.58	183.58	183.58	183.58	0	USD	
27/06/2022	185.49	185.49	185.49	185.49	0	USD	
28/06/2022	184.89	184.89	184.89	184.89	0	USD	
29/06/2022	182.59	182.59	182.59	182.59	0	USD	
30/06/2022	179.88	179.88	179.88	179.88	0	USD	
01/07/2022	181.56	181.56	181.56	181.56	0	USD	
05/07/2022	178.79	178.79	178.79	178.79	0	USD	
06/07/2022	177.07	177.07	177.07	177.07	0	USD	
07/07/2022	181.19	181.19	181.19	181.19	0	USD	
08/07/2022	180.45	180.45	180.45	180.45	0	USD	
11/07/2022	177.22	177.22	177.22	177.22	0	USD	
12/07/2022	176.43	176.43	176.43	176.43	0	USD	
13/07/2022	174.75	174.75	174.75	174.75	0	USD	
15/07/2022	175.89	175.89	175.89	175.89	0	USD	
18/07/2022	177.37	177.37	177.37	177.37	0	USD	
19/07/2022	183.29	183.29	183.29	183.29	0	USD	
20/07/2022	183.46	183.46	183.46	183.46	0	USD	
21/07/2022	181.8	181.8	181.8	181.8	0	USD	
22/07/2022	179.57	179.57	179.57	179.57	0	USD	
25/07/2022	181.68	181.68	181.68	181.68	0	USD	
26/07/2022	180.49	180.49	180.49	180.49	0	USD	
27/07/2022	184.19	184.19	184.19	184.19	0	USD	
28/07/2022	185.64	185.64	185.64	185.64	0	USD	
29/07/2022	188.49	188.49	188.49	188.49	0	USD	
01/08/2022	187	187	187	187	0	USD	
02/08/2022	186.1	186.1	186.1	186.1	0	USD	
03/08/2022	187.3	187.3	187.3	187.3	0	USD	
04/08/2022	185.25	185.25	185.25	185.25	0	USD	
05/08/2022	186.75	186.75	186.75	186.75	0	USD	
08/08/2022	187.58	187.58	187.58	187.58	0	USD	
09/08/2022	188.09	188.09	188.09	188.09	0	USD	
10/08/2022	191.65	191.65	191.65	191.65	0	USD	
11/08/2022	194.23	194.23	194.23	194.23	0	USD	
12/08/2022	197.39	197.39	197.39	197.39	0	USD	
16/08/2022	195.9	195.9	195.9	195.9	0	USD	
17/08/2022	193.37	193.37	193.37	193.37	0	USD	
18/08/2022	195.27	195.27	195.27	195.27	0	USD	
19/08/2022	192.87	192.87	192.87	192.87	0	USD	
22/08/2022	189.64	189.64	189.64	189.64	0	USD	
23/08/2022	191.79	191.79	191.79	191.79	0	USD	
24/08/2022	193.66	193.66	193.66	193.66	0	USD	
25/08/2022	197.11	197.11	197.11	197.11	0	USD	
26/08/2022	192.35	192.35	192.35	192.35	0	USD	
29/08/2022	192.01	192.01	192.01	192.01	0	USD	
30/08/2022	188.54	188.54	188.54	188.54	0	USD	
31/08/2022	186.65	186.65	186.65	186.65	0	USD	
01/09/2022	184.97	184.97	184.97	184.97	0	USD	
02/09/2022	186.14	186.14	186.14	186.14	0	USD	
06/09/2022	184.47	184.47	184.47	184.47	0	USD	
07/09/2022	186.29	186.29	186.29	186.29	0	USD	
08/09/2022	187.38	187.38	187.38	187.38	0	USD	
09/09/2022	191.88	191.88	191.88	191.88	0	USD	
12/09/2022	194.83	194.83	194.83	194.83	0	USD	
13/09/2022	188.53	188.53	188.53	188.53	0	USD	
14/09/2022	190.5	190.5	190.5	190.5	0	USD	
15/09/2022	189.63	189.63	189.63	189.63	0	USD	
16/09/2022	186.7	186.7	186.7	186.7	0	USD	
19/09/2022	188.43	188.43	188.43	188.43	0	USD	
20/09/2022	185.41	185.41	185.41	185.41	0	USD	
21/09/2022	181.68	181.68	181.68	181.68	0	USD	
22/09/2022	179.61	179.61	179.61	179.61	0	USD	
23/09/2022	172.45	172.45	172.45	172.45	0	USD	
26/09/2022	169.02	169.02	169.02	169.02	0	USD	
27/09/2022	168.98	168.98	168.98	168.98	0	USD	
28/09/2022	173.42	173.42	173.42	173.42	0	USD	
29/09/2022	170.45	170.45	170.45	170.45	0	USD	
30/09/2022	168.71	168.71	168.71	168.71	0	USD	
03/10/2022	174.96	174.96	174.96	174.96	0	USD	
04/10/2022	182.23	182.23	182.23	182.23	0	USD	
05/10/2022	182.53	182.53	182.53	182.53	0	USD	
06/10/2022	181.66	181.66	181.66	181.66	0	USD	
07/10/2022	178.76	178.76	178.76	178.76	0	USD	
10/10/2022	176.96	176.96	176.96	176.96	0	USD	
11/10/2022	175.46	175.46	175.46	175.46	0	USD	
12/10/2022	176.26	176.26	176.26	176.26	0	USD	
13/10/2022	182.11	182.11	182.11	182.11	0	USD	
14/10/2022	178.63	178.63	178.63	178.63	0	USD	
17/10/2022	182.46	182.46	182.46	182.46	0	USD	
18/10/2022	185.23	185.23	185.23	185.23	0	USD	
19/10/2022	184.84	184.84	184.84	184.84	0	USD	
20/10/2022	185.18	185.18	185.18	185.18	0	USD	
21/10/2022	190.46	190.46	190.46	190.46	0	USD	
24/10/2022	191.1	191.1	191.1	191.1	0	USD	
25/10/2022	193.79	193.79	193.79	193.79	0	USD	
26/10/2022	195.45	195.45	195.45	195.45	0	USD	
27/10/2022	195.58	195.58	195.58	195.58	0	USD	
28/10/2022	197.8	197.8	197.8	197.8	0	USD	
31/10/2022	197.91	197.91	197.91	197.91	0	USD	
02/11/2022	194.8	194.8	194.8	194.8	0	USD	
03/11/2022	195.1	195.1	195.1	195.1	0	USD	
04/11/2022	199.16	199.16	199.16	199.16	0	USD	
07/11/2022	202.05	202.05	202.05	202.05	0	USD	
08/11/2022	202.39	202.39	202.39	202.39	0	USD	
09/11/2022	196.6	196.6	196.6	196.6	0	USD	
10/11/2022	204.8	204.8	204.8	204.8	0	USD	
14/11/2022	205.97	205.97	205.97	205.97	0	USD	
15/11/2022	207.53	207.53	207.53	207.53	0	USD	
16/11/2022	203.17	203.17	203.17	203.17	0	USD	
17/11/2022	202.41	202.41	202.41	202.41	0	USD	
18/11/2022	202.28	202.28	202.28	202.28	0	USD	
21/11/2022	200.8	200.8	200.8	200.8	0	USD	
22/11/2022	204.05	204.05	204.05	204.05	0	USD	
23/11/2022	203.92	203.92	203.92	203.92	0	USD	
25/11/2022	204.05	204.05	204.05	204.05	0	USD	
28/11/2022	200.23	200.23	200.23	200.23	0	USD	
29/11/2022	202.35	202.35	202.35	202.35	0	USD	
30/11/2022	205.88	205.88	205.88	205.88	0	USD	
01/12/2022	205.01	205.01	205.01	205.01	0	USD	
02/12/2022	205.63	205.63	205.63	205.63	0	USD	
05/12/2022	200.97	200.97	200.97	200.97	0	USD	
06/12/2022	198.49	198.49	198.49	198.49	0	USD	
07/12/2022	197.29	197.29	197.29	197.29	0	USD	
08/12/2022	197.73	197.73	197.73	197.73	0	USD	
09/12/2022	195.21	195.21	195.21	195.21	0	USD	
12/12/2022	198.19	198.19	198.19	198.19	0	USD	
13/12/2022	200.06	200.06	200.06	200.06	0	USD	
14/12/2022	199.1	199.1	199.1	199.1	0	USD	
15/12/2022	196.1	196.1	196.1	196.1	0	USD	
16/12/2022	194.36	194.36	194.36	194.36	0	USD	
19/12/2022	192.84	192.84	192.84	192.84	0	USD	
20/12/2022	195.06	195.06	195.06	195.06	0	USD	
21/12/2022	198.08	198.08	198.08	198.08	0	USD	
22/12/2022	195.46	195.46	195.46	195.46	0	USD	
23/12/2022	197.9	197.9	197.9	197.9	0	USD	
27/12/2022	198.6	198.6	198.6	198.6	0	USD	
28/12/2022	195.58	195.58	195.58	195.58	0	USD	
29/12/2022	198.99	198.99	198.99	198.99	0	USD	
30/12/2022	199.35	199.35	199.35	199.35	0	USD	
03/01/2023	198.33	198.33	198.33	198.33	0	USD	
04/01/2023	202	202	202	202	0	USD	
05/01/2023	203.52	203.52	203.52	203.52	0	USD	
06/01/2023	207.65	207.65	207.65	207.65	0	USD	
09/01/2023	207.75	207.75	207.75	207.75	0	USD	
10/01/2023	209.58	209.58	209.58	209.58	0	USD	
11/01/2023	209.9	209.9	209.9	209.9	0	USD	
12/01/2023	212.16	212.16	212.16	212.16	0	USD	
13/01/2023	213.25	213.25	213.25	213.25	0	USD	
17/01/2023	212.31	212.31	212.31	212.31	0	USD	
18/01/2023	208.79	208.79	208.79	208.79	0	USD	
19/01/2023	208.31	208.31	208.31	208.31	0	USD	
20/01/2023	211.34	211.34	211.34	211.34	0	USD	
23/01/2023	212.75	212.75	212.75	212.75	0	USD	
24/01/2023	212.31	212.31	212.31	212.31	0	USD	
25/01/2023	214.25	214.25	214.25	214.25	0	USD	
26/01/2023	216.06	216.06	216.06	216.06	0	USD	
27/01/2023	215.34	215.34	215.34	215.34	0	USD	
30/01/2023	213.37	213.37	213.37	213.37	0	USD	
31/01/2023	216.83	216.83	216.83	216.83	0	USD	
01/02/2023	217.77	217.77	217.77	217.77	0	USD	
02/02/2023	216.81	216.81	216.81	216.81	0	USD	
03/02/2023	215.81	215.81	215.81	215.81	0	USD	
06/02/2023	214.48	214.48	214.48	214.48	0	USD	
07/02/2023	216.11	216.11	216.11	216.11	0	USD	
08/02/2023	215.86	215.86	215.86	215.86	0	USD	
09/02/2023	212.62	212.62	212.62	212.62	0	USD	
10/02/2023	214.43	214.43	214.43	214.43	0	USD	
13/02/2023	215.89	215.89	215.89	215.89	0	USD	
14/02/2023	215.57	215.57	215.57	215.57	0	USD	
15/02/2023	214.73	214.73	214.73	214.73	0	USD	
16/02/2023	213.82	213.82	213.82	213.82	0	USD	
17/02/2023	212.09	212.09	212.09	212.09	0	USD	
21/02/2023	208.14	208.14	208.14	208.14	0	USD	
22/02/2023	208.16	208.16	208.16	208.16	0	USD	
23/02/2023	208.18	208.18	208.18	208.18	0	USD	
24/02/2023	207.8	207.8	207.8	207.8	0	USD	
27/02/2023	208.38	208.38	208.38	208.38	0	USD	
28/02/2023	207.43	207.43	207.43	207.43	0	USD	
01/03/2023	208.52	208.52	208.52	208.52	0	USD	
02/03/2023	209.72	209.72	209.72	209.72	0	USD	
03/03/2023	212.56	212.56	212.56	212.56	0	USD	
06/03/2023	211.55	211.55	211.55	211.55	0	USD	
07/03/2023	208.05	208.05	208.05	208.05	0	USD	
08/03/2023	206.68	206.68	206.68	206.68	0	USD	
09/03/2023	200.73	200.73	200.73	200.73	0	USD	
10/03/2023	196.89	196.89	196.89	196.89	0	USD	
13/03/2023	192.42	192.42	192.42	192.42	0	USD	
14/03/2023	194.16	194.16	194.16	194.16	0	USD	
15/03/2023	188.46	188.46	188.46	188.46	0	USD	
16/03/2023	190.4	190.4	190.4	190.4	0	USD	
17/03/2023	185.82	185.82	185.82	185.82	0	USD	
20/03/2023	188.8	188.8	188.8	188.8	0	USD	
21/03/2023	193.16	193.16	193.16	193.16	0	USD	
22/03/2023	188.19	188.19	188.19	188.19	0	USD	
23/03/2023	185.96	185.96	185.96	185.96	0	USD	
24/03/2023	186.83	186.83	186.83	186.83	0	USD	
27/03/2023	190.36	190.36	190.36	190.36	0	USD	
28/03/2023	191.17	191.17	191.17	191.17	0	USD	
29/03/2023	193.96	193.96	193.96	193.96	0	USD	
30/03/2023	194.48	194.48	194.48	194.48	0	USD	
31/03/2023	196.67	196.67	196.67	196.67	0	USD	
03/04/2023	200.32	200.32	200.32	200.32	0	USD	
04/04/2023	197.75	197.75	197.75	197.75	0	USD	
05/04/2023	198.14	198.14	198.14	198.14	0	USD	
06/04/2023	197.62	197.62	197.62	197.62	0	USD	
11/04/2023	202.81	202.81	202.81	202.81	0	USD	
12/04/2023	202.75	202.75	202.75	202.75	0	USD	
13/04/2023	204.14	204.14	204.14	204.14	0	USD	
14/04/2023	204.05	204.05	204.05	204.05	0	USD	
17/04/2023	205.42	205.42	205.42	205.42	0	USD	
18/04/2023	205.35	205.35	205.35	205.35	0	USD	
19/04/2023	204.28	204.28	204.28	204.28	0	USD	
20/04/2023	201.2	201.2	201.2	201.2	0	USD	
21/04/2023	201	201	201	201	0	USD	
24/04/2023	202.52	202.52	202.52	202.52	0	USD	
25/04/2023	199.11	199.11	199.11	199.11	0	USD	
26/04/2023	197.12	197.12	197.12	197.12	0	USD	
27/04/2023	199.44	199.44	199.44	199.44	0	USD	
28/04/2023	201.6	201.6	201.6	201.6	0	USD	
02/05/2023	195.8	195.8	195.8	195.8	0	USD	
03/05/2023	194.44	194.44	194.44	194.44	0	USD	
04/05/2023	191.84	191.84	191.84	191.84	0	USD	
05/05/2023	195.94	195.94	195.94	195.94	0	USD	
10/05/2023	194.58	194.58	194.58	194.58	0	USD	
11/05/2023	192.26	192.26	192.26	192.26	0	USD	
12/05/2023	191.97	191.97	191.97	191.97	0	USD	
15/05/2023	193.49	193.49	193.49	193.49	0	USD	
16/05/2023	189.78	189.78	189.78	189.78	0	USD	
17/05/2023	193.29	193.29	193.29	193.29	0	USD	
19/05/2023	193.2	193.2	193.2	193.2	0	USD	
22/05/2023	194.7	194.7	194.7	194.7	0	USD	
23/05/2023	194.51	194.51	194.51	194.51	0	USD	
24/05/2023	192.55	192.55	192.55	192.55	0	USD	
25/05/2023	189.78	189.78	189.78	189.78	0	USD	
26/05/2023	190.17	190.17	190.17	190.17	0	USD	
30/05/2023	189.33	189.33	189.33	189.33	0	USD	
31/05/2023	187.33	187.33	187.33	187.33	0	USD	
01/06/2023	190.8	190.8	190.8	190.8	0	USD	
02/06/2023	195.63	195.63	195.63	195.63	0	USD	
05/06/2023	194.66	194.66	194.66	194.66	0	USD	
06/06/2023	197.15	197.15	197.15	197.15	0	USD	
07/06/2023	200.98	200.98	200.98	200.98	0	USD	
08/06/2023	201.01	201.01	201.01	201.01	0	USD	
09/06/2023	200.38	200.38	200.38	200.38	0	USD	
12/06/2023	200.71	200.71	200.71	200.71	0	USD	
13/06/2023	203.09	203.09	203.09	203.09	0	USD	
14/06/2023	200.93	200.93	200.93	200.93	0	USD	
15/06/2023	204.24	204.24	204.24	204.24	0	USD	
16/06/2023	203.64	203.64	203.64	203.64	0	USD	
20/06/2023	201.32	201.32	201.32	201.32	0	USD	
21/06/2023	202.07	202.07	202.07	202.07	0	USD	
22/06/2023	200.99	200.99	200.99	200.99	0	USD	
26/06/2023	200.97	200.97	200.97	200.97	0	USD	
27/06/2023	202.75	202.75	202.75	202.75	0	USD	
28/06/2023	202.54	202.54	202.54	202.54	0	USD	
29/06/2023	204.65	204.65	204.65	204.65	0	USD	
30/06/2023	206.54	206.54	206.54	206.54	0	USD	
03/07/2023	207.76	207.76	207.76	207.76	0	USD	
05/07/2023	207.16	207.16	207.16	207.16	0	USD	
06/07/2023	204.54	204.54	204.54	204.54	0	USD	
07/07/2023	208.18	208.18	208.18	208.18	0	USD	
10/07/2023	209.55	209.55	209.55	209.55	0	USD	
11/07/2023	212.76	212.76	212.76	212.76	0	USD	
12/07/2023	212.63	212.63	212.63	212.63	0	USD	
13/07/2023	213.29	213.29	213.29	213.29	0	USD	
17/07/2023	209.29	209.29	209.29	209.29	0	USD	
18/07/2023	212.73	212.73	212.73	212.73	0	USD	
19/07/2023	215.3	215.3	215.3	215.3	0	USD	
20/07/2023	215.85	215.85	215.85	215.85	0	USD	
21/07/2023	216.26	216.26	216.26	216.26	0	USD	
24/07/2023	218.3	218.3	218.3	218.3	0	USD	
25/07/2023	218.45	218.45	218.45	218.45	0	USD	
26/07/2023	218.97	218.97	218.97	218.97	0	USD	
27/07/2023	216.41	216.41	216.41	216.41	0	USD	
28/07/2023	217.07	217.07	217.07	217.07	0	USD	
31/07/2023	219.28	219.28	219.28	219.28	0	USD	
01/08/2023	218.34	218.34	218.34	218.34	0	USD	
02/08/2023	216.71	216.71	216.71	216.71	0	USD	
03/08/2023	216.75	216.75	216.75	216.75	0	USD	
04/08/2023	217.68	217.68	217.68	217.68	0	USD	
07/08/2023	218.58	218.58	218.58	218.58	0	USD	
08/08/2023	220.33	220.33	220.33	220.33	0	USD	
09/08/2023	220.02	220.02	220.02	220.02	0	USD	
10/08/2023	218.74	218.74	218.74	218.74	0	USD	
11/08/2023	220.37	220.37	220.37	220.37	0	USD	
14/08/2023	219.48	219.48	219.48	219.48	0	USD	
16/08/2023	214.84	214.84	214.84	214.84	0	USD	
17/08/2023	212.99	212.99	212.99	212.99	0	USD	
18/08/2023	213.68	213.68	213.68	213.68	0	USD	
21/08/2023	213.45	213.45	213.45	213.45	0	USD	
22/08/2023	212.59	212.59	212.59	212.59	0	USD	
23/08/2023	213.38	213.38	213.38	213.38	0	USD	
24/08/2023	212.1	212.1	212.1	212.1	0	USD	
25/08/2023	212.16	212.16	212.16	212.16	0	USD	
28/08/2023	213.7	213.7	213.7	213.7	0	USD	
29/08/2023	216.47	216.47	216.47	216.47	0	USD	
30/08/2023	216.66	216.66	216.66	216.66	0	USD	
31/08/2023	216.02	216.02	216.02	216.02	0	USD	
01/09/2023	217.84	217.84	217.84	217.84	0	USD	
05/09/2023	215.57	215.57	215.57	215.57	0	USD	
06/09/2023	214.44	214.44	214.44	214.44	0	USD	
07/09/2023	212.59	212.59	212.59	212.59	0	USD	
08/09/2023	212.68	212.68	212.68	212.68	0	USD	
11/09/2023	213.53	213.53	213.53	213.53	0	USD	
12/09/2023	215.28	215.28	215.28	215.28	0	USD	
13/09/2023	214.23	214.23	214.23	214.23	0	USD	
14/09/2023	216.34	216.34	216.34	216.34	0	USD	
15/09/2023	215.44	215.44	215.44	215.44	0	USD	
18/09/2023	214.81	214.81	214.81	214.81	0	USD	
19/09/2023	214.37	214.37	214.37	214.37	0	USD	
20/09/2023	213.63	213.63	213.63	213.63	0	USD	
21/09/2023	211.17	211.17	211.17	211.17	0	USD	
22/09/2023	209.87	209.87	209.87	209.87	0	USD	
25/09/2023	211.42	211.42	211.42	211.42	0	USD	
26/09/2023	208.19	208.19	208.19	208.19	0	USD	
27/09/2023	209.01	209.01	209.01	209.01	0	USD	
28/09/2023	210.01	210.01	210.01	210.01	0	USD	
29/09/2023	208.81	208.81	208.81	208.81	0	USD	
02/10/2023	205.21	205.21	205.21	205.21	0	USD	
03/10/2023	202.28	202.28	202.28	202.28	0	USD	
04/10/2023	199.9	199.9	199.9	199.9	0	USD	
05/10/2023	200.3	200.3	200.3	200.3	0	USD	
06/10/2023	201.48	201.48	201.48	201.48	0	USD	
09/10/2023	204.36	204.36	204.36	204.36	0	USD	
10/10/2023	206.41	206.41	206.41	206.41	0	USD	
11/10/2023	205.84	205.84	205.84	205.84	0	USD	
12/10/2023	202.8	202.8	202.8	202.8	0	USD	
13/10/2023	203.86	203.86	203.86	203.86	0	USD	
16/10/2023	205.69	205.69	205.69	205.69	0	USD	
17/10/2023	207.83	207.83	207.83	207.83	0	USD	
18/10/2023	205.51	205.51	205.51	205.51	0	USD	
19/10/2023	204.42	204.42	204.42	204.42	0	USD	
20/10/2023	201.84	201.84	201.84	201.84	0	USD	
23/10/2023	199.71	199.71	199.71	199.71	0	USD	
24/10/2023	200.93	200.93	200.93	200.93	0	USD	
25/10/2023	199.45	199.45	199.45	199.45	0	USD	
26/10/2023	199.24	199.24	199.24	199.24	0	USD	
27/10/2023	195.08	195.08	195.08	195.08	0	USD	
30/10/2023	197.45	197.45	197.45	197.45	0	USD	
31/10/2023	198.95	198.95	198.95	198.95	0	USD	
02/11/2023	204.87	204.87	204.87	204.87	0	USD	
03/11/2023	207.26	207.26	207.26	207.26	0	USD	
06/11/2023	205.66	205.66	205.66	205.66	0	USD	
07/11/2023	204.08	204.08	204.08	204.08	0	USD	
08/11/2023	202.57	202.57	202.57	202.57	0	USD	
09/11/2023	200.6	200.6	200.6	200.6	0	USD	
10/11/2023	202.08	202.08	202.08	202.08	0	USD	
13/11/2023	202.26	202.26	202.26	202.26	0	USD	
14/11/2023	208.72	208.72	208.72	208.72	0	USD	
15/11/2023	208.95	208.95	208.95	208.95	0	USD	
16/11/2023	206.54	206.54	206.54	206.54	0	USD	
17/11/2023	209.53	209.53	209.53	209.53	0	USD	
20/11/2023	210.22	210.22	210.22	210.22	0	USD	
21/11/2023	210.17	210.17	210.17	210.17	0	USD	
22/11/2023	210.78	210.78	210.78	210.78	0	USD	
24/11/2023	212.3	212.3	212.3	212.3	0	USD	
27/11/2023	211.2	211.2	211.2	211.2	0	USD	
28/11/2023	210.9	210.9	210.9	210.9	0	USD	
29/11/2023	212.06	212.06	212.06	212.06	0	USD	
30/11/2023	214.34	214.34	214.34	214.34	0	USD	
01/12/2023	217.18	217.18	217.18	217.18	0	USD	
04/12/2023	216.63	216.63	216.63	216.63	0	USD	
05/12/2023	214.61	214.61	214.61	214.61	0	USD	
06/12/2023	213.14	213.14	213.14	213.14	0	USD	
07/12/2023	214.38	214.38	214.38	214.38	0	USD	
08/12/2023	215.5	215.5	215.5	215.5	0	USD	
11/12/2023	215.04	215.04	215.04	215.04	0	USD	
12/12/2023	213.9	213.9	213.9	213.9	0	USD	
13/12/2023	218.14	218.14	218.14	218.14	0	USD	
14/12/2023	223.29	223.29	223.29	223.29	0	USD	
15/12/2023	221.4	221.4	221.4	221.4	0	USD	
18/12/2023	221.76	221.76	221.76	221.76	0	USD	
19/12/2023	225.06	225.06	225.06	225.06	0	USD	
20/12/2023	221.74	221.74	221.74	221.74	0	USD	
21/12/2023	224.32	224.32	224.32	224.32	0	USD	
22/12/2023	224.64	224.64	224.64	224.64	0	USD	
28/12/2023	226.54	226.54	226.54	226.54	0	USD	
29/12/2023	225.49	225.49	225.49	225.49	0	USD	
02/01/2024	227.32	227.32	227.32	227.32	0	USD	
03/01/2024	226.07	226.07	226.07	226.07	0	USD	
04/01/2024	225.27	225.27	225.27	225.27	0	USD	
05/01/2024	227.71	227.71	227.71	227.71	0	USD	
08/01/2024	227.51	227.51	227.51	227.51	0	USD	
09/01/2024	225.31	225.31	225.31	225.31	0	USD	
10/01/2024	224.48	224.48	224.48	224.48	0	USD	
11/01/2024	223.4	223.4	223.4	223.4	0	USD	
12/01/2024	223.66	223.66	223.66	223.66	0	USD	
16/01/2024	221.75	221.75	221.75	221.75	0	USD	
17/01/2024	218.67	218.67	218.67	218.67	0	USD	
18/01/2024	218.99	218.99	218.99	218.99	0	USD	
19/01/2024	219.8	219.8	219.8	219.8	0	USD	
22/01/2024	222.21	222.21	222.21	222.21	0	USD	
23/01/2024	223.63	223.63	223.63	223.63	0	USD	
24/01/2024	222.7	222.7	222.7	222.7	0	USD	
25/01/2024	224.25	224.25	224.25	224.25	0	USD	
26/01/2024	224.59	224.59	224.59	224.59	0	USD	
29/01/2024	225.4	225.4	225.4	225.4	0	USD	
30/01/2024	225.39	225.39	225.39	225.39	0	USD	
31/01/2024	222.72	222.72	222.72	222.72	0	USD	
01/02/2024	224.1	224.1	224.1	224.1	0	USD	
02/02/2024	222.08	222.08	222.08	222.08	0	USD	
05/02/2024	218.99	218.99	218.99	218.99	0	USD	
06/02/2024	220.81	220.81	220.81	220.81	0	USD	
07/02/2024	220.65	220.65	220.65	220.65	0	USD	
08/02/2024	220.71	220.71	220.71	220.71	0	USD	
09/02/2024	220.69	220.69	220.69	220.69	0	USD	
12/02/2024	224.12	224.12	224.12	224.12	0	USD	
13/02/2024	219.71	219.71	219.71	219.71	0	USD	
14/02/2024	221.76	221.76	221.76	221.76	0	USD	
15/02/2024	225.43	225.43	225.43	225.43	0	USD	
16/02/2024	224.09	224.09	224.09	224.09	0	USD	
20/02/2024	223.14	223.14	223.14	223.14	0	USD	
21/02/2024	223.97	223.97	223.97	223.97	0	USD	
22/02/2024	224.96	224.96	224.96	224.96	0	USD	
23/02/2024	224.96	224.96	224.96	224.96	0	USD	
26/02/2024	223.95	223.95	223.95	223.95	0	USD	
27/02/2024	224.07	224.07	224.07	224.07	0	USD	
28/02/2024	222.58	222.58	222.58	222.58	0	USD	
29/02/2024	222.76	222.76	222.76	222.76	0	USD	
