date	ouv	haut	bas	clot	vol	devise	
15/02/2016	97.25	97.25	97.25	97.25	0	EUR	
16/02/2016	97.36	97.36	97.36	97.36	0	EUR	
17/02/2016	99.28	99.28	99.28	99.28	0	EUR	
18/02/2016	99.87	99.87	99.87	99.87	0	EUR	
22/02/2016	100.61	100.61	100.61	100.61	0	EUR	
23/02/2016	99.83	99.83	99.83	99.83	0	EUR	
24/02/2016	98.74	98.74	98.74	98.74	0	EUR	
25/02/2016	99.97	99.97	99.97	99.97	0	EUR	
29/02/2016	101.29	101.29	101.29	101.29	0	EUR	
01/03/2016	102.77	102.77	102.77	102.77	0	EUR	
02/03/2016	103.03	103.03	103.03	103.03	0	EUR	
03/03/2016	102.56	102.56	102.56	102.56	0	EUR	
04/03/2016	102.98	102.98	102.98	102.98	0	EUR	
07/03/2016	102.64	102.64	102.64	102.64	0	EUR	
08/03/2016	101.68	101.68	101.68	101.68	0	EUR	
09/03/2016	102.05	102.05	102.05	102.05	0	EUR	
10/03/2016	101.02	101.02	101.02	101.02	0	EUR	
11/03/2016	103.31	103.31	103.31	103.31	0	EUR	
14/03/2016	103.88	103.88	103.88	103.88	0	EUR	
15/03/2016	103.4	103.4	103.4	103.4	0	EUR	
16/03/2016	103.68	103.68	103.68	103.68	0	EUR	
17/03/2016	103.03	103.03	103.03	103.03	0	EUR	
18/03/2016	103.62	103.62	103.62	103.62	0	EUR	
21/03/2016	103.76	103.76	103.76	103.76	0	EUR	
22/03/2016	104.08	104.08	104.08	104.08	0	EUR	
23/03/2016	104.13	104.13	104.13	104.13	0	EUR	
24/03/2016	103.23	103.23	103.23	103.23	0	EUR	
29/03/2016	103.85	103.85	103.85	103.85	0	EUR	
30/03/2016	104.53	104.53	104.53	104.53	0	EUR	
31/03/2016	103.81	103.81	103.81	103.81	0	EUR	
01/04/2016	103.34	103.34	103.34	103.34	0	EUR	
04/04/2016	103.52	103.52	103.52	103.52	0	EUR	
05/04/2016	102.02	102.02	102.02	102.02	0	EUR	
07/04/2016	102.18	102.18	102.18	102.18	0	EUR	
08/04/2016	102.76	102.76	102.76	102.76	0	EUR	
11/04/2016	102.83	102.83	102.83	102.83	0	EUR	
12/04/2016	103.28	103.28	103.28	103.28	0	EUR	
13/04/2016	105.21	105.21	105.21	105.21	0	EUR	
14/04/2016	105.59	105.59	105.59	105.59	0	EUR	
15/04/2016	105.3	105.3	105.3	105.3	0	EUR	
18/04/2016	105.69	105.69	105.69	105.69	0	EUR	
19/04/2016	106.54	106.54	106.54	106.54	0	EUR	
20/04/2016	106.56	106.56	106.56	106.56	0	EUR	
21/04/2016	106.55	106.55	106.55	106.55	0	EUR	
22/04/2016	106.13	106.13	106.13	106.13	0	EUR	
25/04/2016	105.59	105.59	105.59	105.59	0	EUR	
26/04/2016	105.41	105.41	105.41	105.41	0	EUR	
27/04/2016	106.09	106.09	106.09	106.09	0	EUR	
28/04/2016	105.83	105.83	105.83	105.83	0	EUR	
29/04/2016	104.16	104.16	104.16	104.16	0	EUR	
02/05/2016	104.4	104.4	104.4	104.4	0	EUR	
03/05/2016	103.38	103.38	103.38	103.38	0	EUR	
04/05/2016	102.61	102.61	102.61	102.61	0	EUR	
06/05/2016	102.58	102.58	102.58	102.58	0	EUR	
09/05/2016	103.33	103.33	103.33	103.33	0	EUR	
10/05/2016	104.13	104.13	104.13	104.13	0	EUR	
11/05/2016	103.52	103.52	103.52	103.52	0	EUR	
12/05/2016	103.04	103.04	103.04	103.04	0	EUR	
13/05/2016	103.45	103.45	103.45	103.45	0	EUR	
17/05/2016	103.21	103.21	103.21	103.21	0	EUR	
18/05/2016	103.69	103.69	103.69	103.69	0	EUR	
19/05/2016	103.09	103.09	103.09	103.09	0	EUR	
20/05/2016	104.07	104.07	104.07	104.07	0	EUR	
23/05/2016	104.15	104.15	104.15	104.15	0	EUR	
24/05/2016	106.07	106.07	106.07	106.07	0	EUR	
25/05/2016	106.94	106.94	106.94	106.94	0	EUR	
26/05/2016	107.18	107.18	107.18	107.18	0	EUR	
27/05/2016	107.62	107.62	107.62	107.62	0	EUR	
30/05/2016	107.77	107.77	107.77	107.77	0	EUR	
31/05/2016	107.4	107.4	107.4	107.4	0	EUR	
01/06/2016	107	107	107	107	0	EUR	
02/06/2016	107.52	107.52	107.52	107.52	0	EUR	
03/06/2016	106.42	106.42	106.42	106.42	0	EUR	
06/06/2016	106.28	106.28	106.28	106.28	0	EUR	
07/06/2016	106.98	106.98	106.98	106.98	0	EUR	
08/06/2016	106.28	106.28	106.28	106.28	0	EUR	
09/06/2016	105.74	105.74	105.74	105.74	0	EUR	
10/06/2016	103.62	103.62	103.62	103.62	0	EUR	
13/06/2016	102.13	102.13	102.13	102.13	0	EUR	
14/06/2016	101.07	101.07	101.07	101.07	0	EUR	
15/06/2016	101.42	101.42	101.42	101.42	0	EUR	
16/06/2016	101.04	101.04	101.04	101.04	0	EUR	
17/06/2016	101.44	101.44	101.44	101.44	0	EUR	
20/06/2016	103.66	103.66	103.66	103.66	0	EUR	
21/06/2016	103.96	103.96	103.96	103.96	0	EUR	
22/06/2016	104.07	104.07	104.07	104.07	0	EUR	
23/06/2016	105.54	105.54	105.54	105.54	0	EUR	
24/06/2016	99.59	99.59	99.59	99.59	0	EUR	
27/06/2016	96.33	96.33	96.33	96.33	0	EUR	
28/06/2016	98.43	98.43	98.43	98.43	0	EUR	
29/06/2016	100.38	100.38	100.38	100.38	0	EUR	
30/06/2016	101.17	101.17	101.17	101.17	0	EUR	
01/07/2016	101.78	101.78	101.78	101.78	0	EUR	
04/07/2016	101.09	101.09	101.09	101.09	0	EUR	
05/07/2016	99.91	99.91	99.91	99.91	0	EUR	
06/07/2016	99.25	99.25	99.25	99.25	0	EUR	
07/07/2016	99.74	99.74	99.74	99.74	0	EUR	
08/07/2016	101.19	101.19	101.19	101.19	0	EUR	
11/07/2016	102.59	102.59	102.59	102.59	0	EUR	
12/07/2016	103.61	103.61	103.61	103.61	0	EUR	
13/07/2016	103.53	103.53	103.53	103.53	0	EUR	
15/07/2016	103.95	103.95	103.95	103.95	0	EUR	
18/07/2016	104.3	104.3	104.3	104.3	0	EUR	
19/07/2016	104.03	104.03	104.03	104.03	0	EUR	
20/07/2016	105	105	105	105	0	EUR	
21/07/2016	104.58	104.58	104.58	104.58	0	EUR	
22/07/2016	104.83	104.83	104.83	104.83	0	EUR	
25/07/2016	105.38	105.38	105.38	105.38	0	EUR	
26/07/2016	105.33	105.33	105.33	105.33	0	EUR	
27/07/2016	105.81	105.81	105.81	105.81	0	EUR	
28/07/2016	105.21	105.21	105.21	105.21	0	EUR	
29/07/2016	105.39	105.39	105.39	105.39	0	EUR	
01/08/2016	105.24	105.24	105.24	105.24	0	EUR	
02/08/2016	103.8	103.8	103.8	103.8	0	EUR	
03/08/2016	103.88	103.88	103.88	103.88	0	EUR	
04/08/2016	104.52	104.52	104.52	104.52	0	EUR	
05/08/2016	105.83	105.83	105.83	105.83	0	EUR	
08/08/2016	105.65	105.65	105.65	105.65	0	EUR	
09/08/2016	106.41	106.41	106.41	106.41	0	EUR	
10/08/2016	106.09	106.09	106.09	106.09	0	EUR	
11/08/2016	106.92	106.92	106.92	106.92	0	EUR	
12/08/2016	106.8	106.8	106.8	106.8	0	EUR	
16/08/2016	106.04	106.04	106.04	106.04	0	EUR	
17/08/2016	105.39	105.39	105.39	105.39	0	EUR	
18/08/2016	105.73	105.73	105.73	105.73	0	EUR	
19/08/2016	105.3	105.3	105.3	105.3	0	EUR	
22/08/2016	105.47	105.47	105.47	105.47	0	EUR	
23/08/2016	106.18	106.18	106.18	106.18	0	EUR	
24/08/2016	106.22	106.22	106.22	106.22	0	EUR	
25/08/2016	105.58	105.58	105.58	105.58	0	EUR	
26/08/2016	105.99	105.99	105.99	105.99	0	EUR	
29/08/2016	106.11	106.11	106.11	106.11	0	EUR	
30/08/2016	106.59	106.59	106.59	106.59	0	EUR	
31/08/2016	106.23	106.23	106.23	106.23	0	EUR	
01/09/2016	106.36	106.36	106.36	106.36	0	EUR	
02/09/2016	107.4	107.4	107.4	107.4	0	EUR	
05/09/2016	107.45	107.45	107.45	107.45	0	EUR	
06/09/2016	107.05	107.05	107.05	107.05	0	EUR	
07/09/2016	107.48	107.48	107.48	107.48	0	EUR	
08/09/2016	107.27	107.27	107.27	107.27	0	EUR	
09/09/2016	106.04	106.04	106.04	106.04	0	EUR	
12/09/2016	105.84	105.84	105.84	105.84	0	EUR	
13/09/2016	105.14	105.14	105.14	105.14	0	EUR	
14/09/2016	105.32	105.32	105.32	105.32	0	EUR	
15/09/2016	106	106	106	106	0	EUR	
16/09/2016	106.13	106.13	106.13	106.13	0	EUR	
19/09/2016	106.69	106.69	106.69	106.69	0	EUR	
20/09/2016	106.82	106.82	106.82	106.82	0	EUR	
21/09/2016	107.63	107.63	107.63	107.63	0	EUR	
22/09/2016	108.82	108.82	108.82	108.82	0	EUR	
23/09/2016	107.99	107.99	107.99	107.99	0	EUR	
26/09/2016	106.57	106.57	106.57	106.57	0	EUR	
27/09/2016	106.9	106.9	106.9	106.9	0	EUR	
28/09/2016	107.41	107.41	107.41	107.41	0	EUR	
29/09/2016	106.58	106.58	106.58	106.58	0	EUR	
30/09/2016	106.85	106.85	106.85	106.85	0	EUR	
03/10/2016	106.9	106.9	106.9	106.9	0	EUR	
04/10/2016	107.42	107.42	107.42	107.42	0	EUR	
05/10/2016	107.19	107.19	107.19	107.19	0	EUR	
06/10/2016	107.15	107.15	107.15	107.15	0	EUR	
07/10/2016	106.36	106.36	106.36	106.36	0	EUR	
10/10/2016	107.34	107.34	107.34	107.34	0	EUR	
11/10/2016	106.76	106.76	106.76	106.76	0	EUR	
12/10/2016	106.41	106.41	106.41	106.41	0	EUR	
13/10/2016	105.45	105.45	105.45	105.45	0	EUR	
14/10/2016	106.24	106.24	106.24	106.24	0	EUR	
17/10/2016	106	106	106	106	0	EUR	
18/10/2016	107.48	107.48	107.48	107.48	0	EUR	
19/10/2016	107.99	107.99	107.99	107.99	0	EUR	
20/10/2016	108.1	108.1	108.1	108.1	0	EUR	
21/10/2016	108.3	108.3	108.3	108.3	0	EUR	
24/10/2016	108.73	108.73	108.73	108.73	0	EUR	
25/10/2016	108.24	108.24	108.24	108.24	0	EUR	
26/10/2016	107.56	107.56	107.56	107.56	0	EUR	
27/10/2016	107.27	107.27	107.27	107.27	0	EUR	
28/10/2016	106.84	106.84	106.84	106.84	0	EUR	
31/10/2016	106.28	106.28	106.28	106.28	0	EUR	
02/11/2016	103.65	103.65	103.65	103.65	0	EUR	
03/11/2016	103.75	103.75	103.75	103.75	0	EUR	
04/11/2016	102.94	102.94	102.94	102.94	0	EUR	
07/11/2016	104.9	104.9	104.9	104.9	0	EUR	
08/11/2016	105.16	105.16	105.16	105.16	0	EUR	
09/11/2016	107.33	107.33	107.33	107.33	0	EUR	
10/11/2016	107.19	107.19	107.19	107.19	0	EUR	
14/11/2016	106.24	106.24	106.24	106.24	0	EUR	
15/11/2016	106.72	106.72	106.72	106.72	0	EUR	
16/11/2016	106.37	106.37	106.37	106.37	0	EUR	
17/11/2016	107	107	107	107	0	EUR	
18/11/2016	106.93	106.93	106.93	106.93	0	EUR	
21/11/2016	107.47	107.47	107.47	107.47	0	EUR	
22/11/2016	107.63	107.63	107.63	107.63	0	EUR	
23/11/2016	107.49	107.49	107.49	107.49	0	EUR	
24/11/2016	107.79	107.79	107.79	107.79	0	EUR	
25/11/2016	107.73	107.73	107.73	107.73	0	EUR	
28/11/2016	106.91	106.91	106.91	106.91	0	EUR	
29/11/2016	107.37	107.37	107.37	107.37	0	EUR	
30/11/2016	108.13	108.13	108.13	108.13	0	EUR	
01/12/2016	107.6	107.6	107.6	107.6	0	EUR	
02/12/2016	106.91	106.91	106.91	106.91	0	EUR	
05/12/2016	107.66	107.66	107.66	107.66	0	EUR	
06/12/2016	108.71	108.71	108.71	108.71	0	EUR	
07/12/2016	109.48	109.48	109.48	109.48	0	EUR	
08/12/2016	110.98	110.98	110.98	110.98	0	EUR	
09/12/2016	111.55	111.55	111.55	111.55	0	EUR	
12/12/2016	111.07	111.07	111.07	111.07	0	EUR	
13/12/2016	112	112	112	112	0	EUR	
14/12/2016	111.15	111.15	111.15	111.15	0	EUR	
15/12/2016	112.71	112.71	112.71	112.71	0	EUR	
16/12/2016	113.16	113.16	113.16	113.16	0	EUR	
19/12/2016	112.72	112.72	112.72	112.72	0	EUR	
20/12/2016	113.2	113.2	113.2	113.2	0	EUR	
21/12/2016	113.01	113.01	113.01	113.01	0	EUR	
22/12/2016	112.67	112.67	112.67	112.67	0	EUR	
23/12/2016	112.97	112.97	112.97	112.97	0	EUR	
27/12/2016	113.21	113.21	113.21	113.21	0	EUR	
28/12/2016	113.11	113.11	113.11	113.11	0	EUR	
29/12/2016	112.73	112.73	112.73	112.73	0	EUR	
30/12/2016	112.7	112.7	112.7	112.7	0	EUR	
02/01/2017	113.31	113.31	113.31	113.31	0	EUR	
03/01/2017	114.41	114.41	114.41	114.41	0	EUR	
04/01/2017	114.41	114.41	114.41	114.41	0	EUR	
05/01/2017	114.37	114.37	114.37	114.37	0	EUR	
06/01/2017	114.72	114.72	114.72	114.72	0	EUR	
09/01/2017	114.3	114.3	114.3	114.3	0	EUR	
10/01/2017	114.23	114.23	114.23	114.23	0	EUR	
11/01/2017	114.16	114.16	114.16	114.16	0	EUR	
12/01/2017	113.28	113.28	113.28	113.28	0	EUR	
13/01/2017	114.12	114.12	114.12	114.12	0	EUR	
16/01/2017	113.51	113.51	113.51	113.51	0	EUR	
17/01/2017	113.06	113.06	113.06	113.06	0	EUR	
18/01/2017	113.03	113.03	113.03	113.03	0	EUR	
19/01/2017	113.66	113.66	113.66	113.66	0	EUR	
20/01/2017	113.7	113.7	113.7	113.7	0	EUR	
23/01/2017	112.98	112.98	112.98	112.98	0	EUR	
24/01/2017	113.31	113.31	113.31	113.31	0	EUR	
25/01/2017	114.56	114.56	114.56	114.56	0	EUR	
26/01/2017	114.47	114.47	114.47	114.47	0	EUR	
27/01/2017	114.34	114.34	114.34	114.34	0	EUR	
30/01/2017	113.11	113.11	113.11	113.11	0	EUR	
31/01/2017	112.68	112.68	112.68	112.68	0	EUR	
01/02/2017	113.34	113.34	113.34	113.34	0	EUR	
02/02/2017	113.47	113.47	113.47	113.47	0	EUR	
03/02/2017	114.16	114.16	114.16	114.16	0	EUR	
06/02/2017	113.28	113.28	113.28	113.28	0	EUR	
07/02/2017	113	113	113	113	0	EUR	
08/02/2017	113.04	113.04	113.04	113.04	0	EUR	
09/02/2017	113.91	113.91	113.91	113.91	0	EUR	
10/02/2017	114.33	114.33	114.33	114.33	0	EUR	
13/02/2017	115.23	115.23	115.23	115.23	0	EUR	
14/02/2017	115.59	115.59	115.59	115.59	0	EUR	
15/02/2017	116.05	116.05	116.05	116.05	0	EUR	
16/02/2017	115.68	115.68	115.68	115.68	0	EUR	
17/02/2017	115.23	115.23	115.23	115.23	0	EUR	
20/02/2017	115.49	115.49	115.49	115.49	0	EUR	
21/02/2017	116.26	116.26	116.26	116.26	0	EUR	
22/02/2017	116.07	116.07	116.07	116.07	0	EUR	
23/02/2017	115.84	115.84	115.84	115.84	0	EUR	
24/02/2017	114.95	114.95	114.95	114.95	0	EUR	
27/02/2017	115.23	115.23	115.23	115.23	0	EUR	
28/02/2017	115.64	115.64	115.64	115.64	0	EUR	
01/03/2017	117.72	117.72	117.72	117.72	0	EUR	
02/03/2017	117.47	117.47	117.47	117.47	0	EUR	
03/03/2017	117.95	117.95	117.95	117.95	0	EUR	
06/03/2017	117.43	117.43	117.43	117.43	0	EUR	
07/03/2017	117.08	117.08	117.08	117.08	0	EUR	
08/03/2017	117.09	117.09	117.09	117.09	0	EUR	
09/03/2017	117.66	117.66	117.66	117.66	0	EUR	
10/03/2017	117.64	117.64	117.64	117.64	0	EUR	
13/03/2017	117.77	117.77	117.77	117.77	0	EUR	
14/03/2017	117.3	117.3	117.3	117.3	0	EUR	
15/03/2017	117.46	117.46	117.46	117.46	0	EUR	
16/03/2017	117.87	117.87	117.87	117.87	0	EUR	
17/03/2017	117.9	117.9	117.9	117.9	0	EUR	
20/03/2017	117.73	117.73	117.73	117.73	0	EUR	
21/03/2017	117.02	117.02	117.02	117.02	0	EUR	
22/03/2017	116.61	116.61	116.61	116.61	0	EUR	
23/03/2017	117.44	117.44	117.44	117.44	0	EUR	
24/03/2017	117.3	117.3	117.3	117.3	0	EUR	
27/03/2017	116.96	116.96	116.96	116.96	0	EUR	
28/03/2017	117.89	117.89	117.89	117.89	0	EUR	
29/03/2017	118.14	118.14	118.14	118.14	0	EUR	
30/03/2017	118.54	118.54	118.54	118.54	0	EUR	
31/03/2017	119.01	119.01	119.01	119.01	0	EUR	
03/04/2017	118.36	118.36	118.36	118.36	0	EUR	
04/04/2017	118.57	118.57	118.57	118.57	0	EUR	
05/04/2017	118.64	118.64	118.64	118.64	0	EUR	
06/04/2017	118.98	118.98	118.98	118.98	0	EUR	
07/04/2017	119.33	119.33	119.33	119.33	0	EUR	
10/04/2017	119.02	119.02	119.02	119.02	0	EUR	
11/04/2017	118.88	118.88	118.88	118.88	0	EUR	
12/04/2017	118.66	118.66	118.66	118.66	0	EUR	
13/04/2017	118.12	118.12	118.12	118.12	0	EUR	
18/04/2017	116.84	116.84	116.84	116.84	0	EUR	
19/04/2017	117.45	117.45	117.45	117.45	0	EUR	
20/04/2017	118.21	118.21	118.21	118.21	0	EUR	
21/04/2017	118.2	118.2	118.2	118.2	0	EUR	
24/04/2017	121.77	121.77	121.77	121.77	0	EUR	
25/04/2017	121.97	121.97	121.97	121.97	0	EUR	
26/04/2017	122.71	122.71	122.71	122.71	0	EUR	
27/04/2017	122.59	122.59	122.59	122.59	0	EUR	
28/04/2017	122.6	122.6	122.6	122.6	0	EUR	
02/05/2017	123.64	123.64	123.64	123.64	0	EUR	
03/05/2017	123.62	123.62	123.62	123.62	0	EUR	
04/05/2017	124.63	124.63	124.63	124.63	0	EUR	
05/05/2017	125.78	125.78	125.78	125.78	0	EUR	
09/05/2017	125.35	125.35	125.35	125.35	0	EUR	
10/05/2017	125.59	125.59	125.59	125.59	0	EUR	
11/05/2017	124.84	124.84	124.84	124.84	0	EUR	
12/05/2017	125.08	125.08	125.08	125.08	0	EUR	
15/05/2017	125.47	125.47	125.47	125.47	0	EUR	
16/05/2017	125.37	125.37	125.37	125.37	0	EUR	
17/05/2017	123.2	123.2	123.2	123.2	0	EUR	
18/05/2017	122.99	122.99	122.99	122.99	0	EUR	
19/05/2017	123.79	123.79	123.79	123.79	0	EUR	
22/05/2017	123.59	123.59	123.59	123.59	0	EUR	
23/05/2017	124.13	124.13	124.13	124.13	0	EUR	
24/05/2017	124.41	124.41	124.41	124.41	0	EUR	
26/05/2017	124.25	124.25	124.25	124.25	0	EUR	
29/05/2017	124.34	124.34	124.34	124.34	0	EUR	
30/05/2017	124.15	124.15	124.15	124.15	0	EUR	
31/05/2017	124.26	124.26	124.26	124.26	0	EUR	
01/06/2017	125.26	125.26	125.26	125.26	0	EUR	
02/06/2017	125.65	125.65	125.65	125.65	0	EUR	
06/06/2017	124.52	124.52	124.52	124.52	0	EUR	
07/06/2017	124.55	124.55	124.55	124.55	0	EUR	
08/06/2017	125.05	125.05	125.05	125.05	0	EUR	
09/06/2017	125.7	125.7	125.7	125.7	0	EUR	
12/06/2017	124.25	124.25	124.25	124.25	0	EUR	
13/06/2017	125.16	125.16	125.16	125.16	0	EUR	
14/06/2017	124.71	124.71	124.71	124.71	0	EUR	
15/06/2017	124.23	124.23	124.23	124.23	0	EUR	
16/06/2017	124.9	124.9	124.9	124.9	0	EUR	
19/06/2017	126	126	126	126	0	EUR	
20/06/2017	125.58	125.58	125.58	125.58	0	EUR	
21/06/2017	125.4	125.4	125.4	125.4	0	EUR	
22/06/2017	125.31	125.31	125.31	125.31	0	EUR	
23/06/2017	125.01	125.01	125.01	125.01	0	EUR	
26/06/2017	125.49	125.49	125.49	125.49	0	EUR	
27/06/2017	124.71	124.71	124.71	124.71	0	EUR	
28/06/2017	124.79	124.79	124.79	124.79	0	EUR	
29/06/2017	123.36	123.36	123.36	123.36	0	EUR	
30/06/2017	123.32	123.32	123.32	123.32	0	EUR	
03/07/2017	124.52	124.52	124.52	124.52	0	EUR	
04/07/2017	124.12	124.12	124.12	124.12	0	EUR	
05/07/2017	124.26	124.26	124.26	124.26	0	EUR	
06/07/2017	123.55	123.55	123.55	123.55	0	EUR	
10/07/2017	124.25	124.25	124.25	124.25	0	EUR	
11/07/2017	123.79	123.79	123.79	123.79	0	EUR	
12/07/2017	124.77	124.77	124.77	124.77	0	EUR	
17/07/2017	124.92	124.92	124.92	124.92	0	EUR	
18/07/2017	123.94	123.94	123.94	123.94	0	EUR	
19/07/2017	124.9	124.9	124.9	124.9	0	EUR	
20/07/2017	124.5	124.5	124.5	124.5	0	EUR	
21/07/2017	123.13	123.13	123.13	123.13	0	EUR	
24/07/2017	123.27	123.27	123.27	123.27	0	EUR	
25/07/2017	124.06	124.06	124.06	124.06	0	EUR	
26/07/2017	124.45	124.45	124.45	124.45	0	EUR	
27/07/2017	123.98	123.98	123.98	123.98	0	EUR	
28/07/2017	123.11	123.11	123.11	123.11	0	EUR	
31/07/2017	122.77	122.77	122.77	122.77	0	EUR	
01/08/2017	123.41	123.41	123.41	123.41	0	EUR	
02/08/2017	122.55	122.55	122.55	122.55	0	EUR	
03/08/2017	122.51	122.51	122.51	122.51	0	EUR	
04/08/2017	123.56	123.56	123.56	123.56	0	EUR	
07/08/2017	123.61	123.61	123.61	123.61	0	EUR	
08/08/2017	123.88	123.88	123.88	123.88	0	EUR	
09/08/2017	122.84	122.84	122.84	122.84	0	EUR	
10/08/2017	121.45	121.45	121.45	121.45	0	EUR	
11/08/2017	120.56	120.56	120.56	120.56	0	EUR	
14/08/2017	121.8	121.8	121.8	121.8	0	EUR	
16/08/2017	123.06	123.06	123.06	123.06	0	EUR	
17/08/2017	121.94	121.94	121.94	121.94	0	EUR	
18/08/2017	121.47	121.47	121.47	121.47	0	EUR	
21/08/2017	120.9	120.9	120.9	120.9	0	EUR	
22/08/2017	121.85	121.85	121.85	121.85	0	EUR	
23/08/2017	121.11	121.11	121.11	121.11	0	EUR	
24/08/2017	121.33	121.33	121.33	121.33	0	EUR	
25/08/2017	121	121	121	121	0	EUR	
28/08/2017	120.51	120.51	120.51	120.51	0	EUR	
29/08/2017	119.41	119.41	119.41	119.41	0	EUR	
30/08/2017	120.42	120.42	120.42	120.42	0	EUR	
31/08/2017	121.47	121.47	121.47	121.47	0	EUR	
01/09/2017	122.02	122.02	122.02	122.02	0	EUR	
04/09/2017	121.53	121.53	121.53	121.53	0	EUR	
05/09/2017	121.09	121.09	121.09	121.09	0	EUR	
06/09/2017	120.93	120.93	120.93	120.93	0	EUR	
07/09/2017	121.22	121.22	121.22	121.22	0	EUR	
08/09/2017	121.19	121.19	121.19	121.19	0	EUR	
11/09/2017	122.75	122.75	122.75	122.75	0	EUR	
12/09/2017	123.63	123.63	123.63	123.63	0	EUR	
13/09/2017	123.84	123.84	123.84	123.84	0	EUR	
14/09/2017	124.2	124.2	124.2	124.2	0	EUR	
15/09/2017	123.74	123.74	123.74	123.74	0	EUR	
18/09/2017	124.32	124.32	124.32	124.32	0	EUR	
19/09/2017	124.4	124.4	124.4	124.4	0	EUR	
20/09/2017	124.15	124.15	124.15	124.15	0	EUR	
21/09/2017	124.64	124.64	124.64	124.64	0	EUR	
22/09/2017	124.76	124.76	124.76	124.76	0	EUR	
25/09/2017	124.51	124.51	124.51	124.51	0	EUR	
26/09/2017	124.53	124.53	124.53	124.53	0	EUR	
27/09/2017	125.29	125.29	125.29	125.29	0	EUR	
28/09/2017	125.77	125.77	125.77	125.77	0	EUR	
29/09/2017	126.4	126.4	126.4	126.4	0	EUR	
02/10/2017	127.04	127.04	127.04	127.04	0	EUR	
03/10/2017	127.09	127.09	127.09	127.09	0	EUR	
04/10/2017	126.51	126.51	126.51	126.51	0	EUR	
05/10/2017	126.9	126.9	126.9	126.9	0	EUR	
06/10/2017	126.46	126.46	126.46	126.46	0	EUR	
09/10/2017	126.37	126.37	126.37	126.37	0	EUR	
10/10/2017	126.19	126.19	126.19	126.19	0	EUR	
11/10/2017	126.51	126.51	126.51	126.51	0	EUR	
12/10/2017	126.38	126.38	126.38	126.38	0	EUR	
13/10/2017	126.33	126.33	126.33	126.33	0	EUR	
16/10/2017	126.49	126.49	126.49	126.49	0	EUR	
17/10/2017	126.4	126.4	126.4	126.4	0	EUR	
18/10/2017	126.76	126.76	126.76	126.76	0	EUR	
19/10/2017	126.02	126.02	126.02	126.02	0	EUR	
20/10/2017	126.35	126.35	126.35	126.35	0	EUR	
23/10/2017	126.64	126.64	126.64	126.64	0	EUR	
24/10/2017	126.18	126.18	126.18	126.18	0	EUR	
25/10/2017	125.58	125.58	125.58	125.58	0	EUR	
26/10/2017	126.66	126.66	126.66	126.66	0	EUR	
27/10/2017	126.73	126.73	126.73	126.73	0	EUR	
30/10/2017	126.71	126.71	126.71	126.71	0	EUR	
31/10/2017	126.62	126.62	126.62	126.62	0	EUR	
02/11/2017	126.6	126.6	126.6	126.6	0	EUR	
03/11/2017	126.75	126.75	126.75	126.75	0	EUR	
06/11/2017	126.72	126.72	126.72	126.72	0	EUR	
07/11/2017	126.02	126.02	126.02	126.02	0	EUR	
08/11/2017	125.91	125.91	125.91	125.91	0	EUR	
09/11/2017	124.6	124.6	124.6	124.6	0	EUR	
10/11/2017	124.21	124.21	124.21	124.21	0	EUR	
13/11/2017	123.52	123.52	123.52	123.52	0	EUR	
14/11/2017	122.46	122.46	122.46	122.46	0	EUR	
15/11/2017	122.02	122.02	122.02	122.02	0	EUR	
16/11/2017	122.77	122.77	122.77	122.77	0	EUR	
17/11/2017	122.21	122.21	122.21	122.21	0	EUR	
20/11/2017	122.72	122.72	122.72	122.72	0	EUR	
21/11/2017	123.23	123.23	123.23	123.23	0	EUR	
22/11/2017	122.94	122.94	122.94	122.94	0	EUR	
23/11/2017	123.07	123.07	123.07	123.07	0	EUR	
24/11/2017	123.24	123.24	123.24	123.24	0	EUR	
27/11/2017	122.58	122.58	122.58	122.58	0	EUR	
28/11/2017	123.13	123.13	123.13	123.13	0	EUR	
29/11/2017	123.23	123.23	123.23	123.23	0	EUR	
30/11/2017	123.06	123.06	123.06	123.06	0	EUR	
01/12/2017	122.31	122.31	122.31	122.31	0	EUR	
04/12/2017	123.26	123.26	123.26	123.26	0	EUR	
05/12/2017	122.79	122.79	122.79	122.79	0	EUR	
06/12/2017	122.3	122.3	122.3	122.3	0	EUR	
07/12/2017	122.93	122.93	122.93	122.93	0	EUR	
08/12/2017	124.07	124.07	124.07	124.07	0	EUR	
11/12/2017	123.97	123.97	123.97	123.97	0	EUR	
12/12/2017	124.57	124.57	124.57	124.57	0	EUR	
13/12/2017	124.25	124.25	124.25	124.25	0	EUR	
14/12/2017	123.41	123.41	123.41	123.41	0	EUR	
15/12/2017	123.13	123.13	123.13	123.13	0	EUR	
18/12/2017	124.26	124.26	124.26	124.26	0	EUR	
19/12/2017	124.37	124.37	124.37	124.37	0	EUR	
20/12/2017	123.85	123.85	123.85	123.85	0	EUR	
21/12/2017	124.46	124.46	124.46	124.46	0	EUR	
22/12/2017	124.29	124.29	124.29	124.29	0	EUR	
27/12/2017	124.23	124.23	124.23	124.23	0	EUR	
28/12/2017	124.12	124.12	124.12	124.12	0	EUR	
29/12/2017	123.6	123.6	123.6	123.6	0	EUR	
02/01/2018	123.67	123.67	123.67	123.67	0	EUR	
03/01/2018	124.5	124.5	124.5	124.5	0	EUR	
04/01/2018	125.89	125.89	125.89	125.89	0	EUR	
05/01/2018	126.82	126.82	126.82	126.82	0	EUR	
08/01/2018	127.07	127.07	127.07	127.07	0	EUR	
09/01/2018	127.82	127.82	127.82	127.82	0	EUR	
10/01/2018	127.96	127.96	127.96	127.96	0	EUR	
11/01/2018	128.09	128.09	128.09	128.09	0	EUR	
12/01/2018	128.45	128.45	128.45	128.45	0	EUR	
15/01/2018	128.18	128.18	128.18	128.18	0	EUR	
16/01/2018	128	128	128	128	0	EUR	
17/01/2018	127.8	127.8	127.8	127.8	0	EUR	
18/01/2018	128.2	128.2	128.2	128.2	0	EUR	
19/01/2018	129.03	129.03	129.03	129.03	0	EUR	
22/01/2018	129.86	129.86	129.86	129.86	0	EUR	
23/01/2018	129.79	129.79	129.79	129.79	0	EUR	
24/01/2018	129	129	129	129	0	EUR	
25/01/2018	128.6	128.6	128.6	128.6	0	EUR	
26/01/2018	129.17	129.17	129.17	129.17	0	EUR	
29/01/2018	129.22	129.22	129.22	129.22	0	EUR	
30/01/2018	127.9	127.9	127.9	127.9	0	EUR	
31/01/2018	127.79	127.79	127.79	127.79	0	EUR	
01/02/2018	127.8	127.8	127.8	127.8	0	EUR	
02/02/2018	126.23	126.23	126.23	126.23	0	EUR	
05/02/2018	124.63	124.63	124.63	124.63	0	EUR	
06/02/2018	122.92	122.92	122.92	122.92	0	EUR	
07/02/2018	124.25	124.25	124.25	124.25	0	EUR	
08/02/2018	122.27	122.27	122.27	122.27	0	EUR	
09/02/2018	121.47	121.47	121.47	121.47	0	EUR	
12/02/2018	122.54	122.54	122.54	122.54	0	EUR	
13/02/2018	121.83	121.83	121.83	121.83	0	EUR	
14/02/2018	123.3	123.3	123.3	123.3	0	EUR	
15/02/2018	123.59	123.59	123.59	123.59	0	EUR	
16/02/2018	124.08	124.08	124.08	124.08	0	EUR	
19/02/2018	123.89	123.89	123.89	123.89	0	EUR	
20/02/2018	124.42	124.42	124.42	124.42	0	EUR	
21/02/2018	124.26	124.26	124.26	124.26	0	EUR	
22/02/2018	123.94	123.94	123.94	123.94	0	EUR	
23/02/2018	124.16	124.16	124.16	124.16	0	EUR	
26/02/2018	124.78	124.78	124.78	124.78	0	EUR	
27/02/2018	124.95	124.95	124.95	124.95	0	EUR	
28/02/2018	124.47	124.47	124.47	124.47	0	EUR	
01/03/2018	123.39	123.39	123.39	123.39	0	EUR	
02/03/2018	121.34	121.34	121.34	121.34	0	EUR	
05/03/2018	121.55	121.55	121.55	121.55	0	EUR	
06/03/2018	122.26	122.26	122.26	122.26	0	EUR	
07/03/2018	122.72	122.72	122.72	122.72	0	EUR	
08/03/2018	123.6	123.6	123.6	123.6	0	EUR	
09/03/2018	124.03	124.03	124.03	124.03	0	EUR	
12/03/2018	124.28	124.28	124.28	124.28	0	EUR	
13/03/2018	123.6	123.6	123.6	123.6	0	EUR	
14/03/2018	123.6	123.6	123.6	123.6	0	EUR	
15/03/2018	124.01	124.01	124.01	124.01	0	EUR	
16/03/2018	124.52	124.52	124.52	124.52	0	EUR	
19/03/2018	123.6	123.6	123.6	123.6	0	EUR	
20/03/2018	123.83	123.83	123.83	123.83	0	EUR	
21/03/2018	123.78	123.78	123.78	123.78	0	EUR	
22/03/2018	122.1	122.1	122.1	122.1	0	EUR	
23/03/2018	120.85	120.85	120.85	120.85	0	EUR	
26/03/2018	120.33	120.33	120.33	120.33	0	EUR	
27/03/2018	120.84	120.84	120.84	120.84	0	EUR	
28/03/2018	120.58	120.58	120.58	120.58	0	EUR	
29/03/2018	121.19	121.19	121.19	121.19	0	EUR	
03/04/2018	120.61	120.61	120.61	120.61	0	EUR	
04/04/2018	120.15	120.15	120.15	120.15	0	EUR	
05/04/2018	122.86	122.86	122.86	122.86	0	EUR	
06/04/2018	121.95	121.95	121.95	121.95	0	EUR	
09/04/2018	122.32	122.32	122.32	122.32	0	EUR	
10/04/2018	123.12	123.12	123.12	123.12	0	EUR	
11/04/2018	122.29	122.29	122.29	122.29	0	EUR	
12/04/2018	123.18	123.18	123.18	123.18	0	EUR	
13/04/2018	123.16	123.16	123.16	123.16	0	EUR	
16/04/2018	122.88	122.88	122.88	122.88	0	EUR	
17/04/2018	123.92	123.92	123.92	123.92	0	EUR	
18/04/2018	124.69	124.69	124.69	124.69	0	EUR	
19/04/2018	125.14	125.14	125.14	125.14	0	EUR	
20/04/2018	125.44	125.44	125.44	125.44	0	EUR	
23/04/2018	126.04	126.04	126.04	126.04	0	EUR	
24/04/2018	125.61	125.61	125.61	125.61	0	EUR	
25/04/2018	124.91	124.91	124.91	124.91	0	EUR	
26/04/2018	125.72	125.72	125.72	125.72	0	EUR	
27/04/2018	126.25	126.25	126.25	126.25	0	EUR	
30/04/2018	126.56	126.56	126.56	126.56	0	EUR	
02/05/2018	127.43	127.43	127.43	127.43	0	EUR	
03/05/2018	126.67	126.67	126.67	126.67	0	EUR	
04/05/2018	127.43	127.43	127.43	127.43	0	EUR	
07/05/2018	128.11	128.11	128.11	128.11	0	EUR	
09/05/2018	128.52	128.52	128.52	128.52	0	EUR	
11/05/2018	128.65	128.65	128.65	128.65	0	EUR	
14/05/2018	128.8	128.8	128.8	128.8	0	EUR	
15/05/2018	128.87	128.87	128.87	128.87	0	EUR	
16/05/2018	128.67	128.67	128.67	128.67	0	EUR	
17/05/2018	129.31	129.31	129.31	129.31	0	EUR	
18/05/2018	128.52	128.52	128.52	128.52	0	EUR	
22/05/2018	128.82	128.82	128.82	128.82	0	EUR	
23/05/2018	127.26	127.26	127.26	127.26	0	EUR	
24/05/2018	126.54	126.54	126.54	126.54	0	EUR	
25/05/2018	126.15	126.15	126.15	126.15	0	EUR	
28/05/2018	125.19	125.19	125.19	125.19	0	EUR	
29/05/2018	123.06	123.06	123.06	123.06	0	EUR	
30/05/2018	123.6	123.6	123.6	123.6	0	EUR	
31/05/2018	123.3	123.3	123.3	123.3	0	EUR	
01/06/2018	124.9	124.9	124.9	124.9	0	EUR	
04/06/2018	124.91	124.91	124.91	124.91	0	EUR	
05/06/2018	124.6	124.6	124.6	124.6	0	EUR	
06/06/2018	125.26	125.26	125.26	125.26	0	EUR	
07/06/2018	125.08	125.08	125.08	125.08	0	EUR	
08/06/2018	124.28	124.28	124.28	124.28	0	EUR	
11/06/2018	125.3	125.3	125.3	125.3	0	EUR	
12/06/2018	125.34	125.34	125.34	125.34	0	EUR	
13/06/2018	125.32	125.32	125.32	125.32	0	EUR	
14/06/2018	126.59	126.59	126.59	126.59	0	EUR	
15/06/2018	125.57	125.57	125.57	125.57	0	EUR	
18/06/2018	124.84	124.84	124.84	124.84	0	EUR	
19/06/2018	123.69	123.69	123.69	123.69	0	EUR	
20/06/2018	123.8	123.8	123.8	123.8	0	EUR	
21/06/2018	122.77	122.77	122.77	122.77	0	EUR	
22/06/2018	123.62	123.62	123.62	123.62	0	EUR	
25/06/2018	121.37	121.37	121.37	121.37	0	EUR	
26/06/2018	121.51	121.51	121.51	121.51	0	EUR	
27/06/2018	122.11	122.11	122.11	122.11	0	EUR	
28/06/2018	120.86	120.86	120.86	120.86	0	EUR	
29/06/2018	121.57	121.57	121.57	121.57	0	EUR	
02/07/2018	120.56	120.56	120.56	120.56	0	EUR	
03/07/2018	120.99	120.99	120.99	120.99	0	EUR	
04/07/2018	120.49	120.49	120.49	120.49	0	EUR	
05/07/2018	121.05	121.05	121.05	121.05	0	EUR	
06/07/2018	121.39	121.39	121.39	121.39	0	EUR	
09/07/2018	122.2	122.2	122.2	122.2	0	EUR	
10/07/2018	122.79	122.79	122.79	122.79	0	EUR	
11/07/2018	121.11	121.11	121.11	121.11	0	EUR	
12/07/2018	121.77	121.77	121.77	121.77	0	EUR	
13/07/2018	121.95	121.95	121.95	121.95	0	EUR	
16/07/2018	122.05	122.05	122.05	122.05	0	EUR	
17/07/2018	122.08	122.08	122.08	122.08	0	EUR	
18/07/2018	122.8	122.8	122.8	122.8	0	EUR	
19/07/2018	122.21	122.21	122.21	122.21	0	EUR	
20/07/2018	121.84	121.84	121.84	121.84	0	EUR	
23/07/2018	121.21	121.21	121.21	121.21	0	EUR	
24/07/2018	123.06	123.06	123.06	123.06	0	EUR	
25/07/2018	122.88	122.88	122.88	122.88	0	EUR	
26/07/2018	123.75	123.75	123.75	123.75	0	EUR	
27/07/2018	123.77	123.77	123.77	123.77	0	EUR	
30/07/2018	123.4	123.4	123.4	123.4	0	EUR	
31/07/2018	123.3	123.3	123.3	123.3	0	EUR	
01/08/2018	122.9	122.9	122.9	122.9	0	EUR	
02/08/2018	122.12	122.12	122.12	122.12	0	EUR	
03/08/2018	122.39	122.39	122.39	122.39	0	EUR	
06/08/2018	122.22	122.22	122.22	122.22	0	EUR	
07/08/2018	122.58	122.58	122.58	122.58	0	EUR	
08/08/2018	122.29	122.29	122.29	122.29	0	EUR	
09/08/2018	122.28	122.28	122.28	122.28	0	EUR	
10/08/2018	120.85	120.85	120.85	120.85	0	EUR	
13/08/2018	120.38	120.38	120.38	120.38	0	EUR	
14/08/2018	120.39	120.39	120.39	120.39	0	EUR	
16/08/2018	119.36	119.36	119.36	119.36	0	EUR	
17/08/2018	119.2	119.2	119.2	119.2	0	EUR	
20/08/2018	119.78	119.78	119.78	119.78	0	EUR	
21/08/2018	120.43	120.43	120.43	120.43	0	EUR	
22/08/2018	120.7	120.7	120.7	120.7	0	EUR	
23/08/2018	120.69	120.69	120.69	120.69	0	EUR	
24/08/2018	121.15	121.15	121.15	121.15	0	EUR	
27/08/2018	121.95	121.95	121.95	121.95	0	EUR	
28/08/2018	121.66	121.66	121.66	121.66	0	EUR	
29/08/2018	121.94	121.94	121.94	121.94	0	EUR	
30/08/2018	121.29	121.29	121.29	121.29	0	EUR	
31/08/2018	120.36	120.36	120.36	120.36	0	EUR	
03/09/2018	120.32	120.32	120.32	120.32	0	EUR	
04/09/2018	119.73	119.73	119.73	119.73	0	EUR	
05/09/2018	118.43	118.43	118.43	118.43	0	EUR	
06/09/2018	117.63	117.63	117.63	117.63	0	EUR	
07/09/2018	117.39	117.39	117.39	117.39	0	EUR	
10/09/2018	117.64	117.64	117.64	117.64	0	EUR	
11/09/2018	117.87	117.87	117.87	117.87	0	EUR	
12/09/2018	118.63	118.63	118.63	118.63	0	EUR	
13/09/2018	118.48	118.48	118.48	118.48	0	EUR	
14/09/2018	119.33	119.33	119.33	119.33	0	EUR	
17/09/2018	119.35	119.35	119.35	119.35	0	EUR	
18/09/2018	119.83	119.83	119.83	119.83	0	EUR	
19/09/2018	120.13	120.13	120.13	120.13	0	EUR	
20/09/2018	120.8	120.8	120.8	120.8	0	EUR	
21/09/2018	121.38	121.38	121.38	121.38	0	EUR	
24/09/2018	120.81	120.81	120.81	120.81	0	EUR	
25/09/2018	121.2	121.2	121.2	121.2	0	EUR	
26/09/2018	121.56	121.56	121.56	121.56	0	EUR	
27/09/2018	121.83	121.83	121.83	121.83	0	EUR	
28/09/2018	120.84	120.84	120.84	120.84	0	EUR	
01/10/2018	121.63	121.63	121.63	121.63	0	EUR	
02/10/2018	120.93	120.93	120.93	120.93	0	EUR	
03/10/2018	121.82	121.82	121.82	121.82	0	EUR	
04/10/2018	120.95	120.95	120.95	120.95	0	EUR	
05/10/2018	119.4	119.4	119.4	119.4	0	EUR	
08/10/2018	118.19	118.19	118.19	118.19	0	EUR	
09/10/2018	118.45	118.45	118.45	118.45	0	EUR	
10/10/2018	116.13	116.13	116.13	116.13	0	EUR	
11/10/2018	113.94	113.94	113.94	113.94	0	EUR	
12/10/2018	114.34	114.34	114.34	114.34	0	EUR	
15/10/2018	114.09	114.09	114.09	114.09	0	EUR	
16/10/2018	116.09	116.09	116.09	116.09	0	EUR	
17/10/2018	115.51	115.51	115.51	115.51	0	EUR	
18/10/2018	114.3	114.3	114.3	114.3	0	EUR	
19/10/2018	112.92	112.92	112.92	112.92	0	EUR	
22/10/2018	111.87	111.87	111.87	111.87	0	EUR	
23/10/2018	109.14	109.14	109.14	109.14	0	EUR	
24/10/2018	107.93	107.93	107.93	107.93	0	EUR	
25/10/2018	109.69	109.69	109.69	109.69	0	EUR	
26/10/2018	108.85	108.85	108.85	108.85	0	EUR	
29/10/2018	109.43	109.43	109.43	109.43	0	EUR	
30/10/2018	109.4	109.4	109.4	109.4	0	EUR	
31/10/2018	111.72	111.72	111.72	111.72	0	EUR	
02/11/2018	112.56	112.56	112.56	112.56	0	EUR	
05/11/2018	111.9	111.9	111.9	111.9	0	EUR	
06/11/2018	111.36	111.36	111.36	111.36	0	EUR	
07/11/2018	112.57	112.57	112.57	112.57	0	EUR	
08/11/2018	111.99	111.99	111.99	111.99	0	EUR	
09/11/2018	111.31	111.31	111.31	111.31	0	EUR	
12/11/2018	110.03	110.03	110.03	110.03	0	EUR	
13/11/2018	110.7	110.7	110.7	110.7	0	EUR	
14/11/2018	110.16	110.16	110.16	110.16	0	EUR	
15/11/2018	109.55	109.55	109.55	109.55	0	EUR	
16/11/2018	109.22	109.22	109.22	109.22	0	EUR	
19/11/2018	108.32	108.32	108.32	108.32	0	EUR	
20/11/2018	106.46	106.46	106.46	106.46	0	EUR	
21/11/2018	107.79	107.79	107.79	107.79	0	EUR	
22/11/2018	107.13	107.13	107.13	107.13	0	EUR	
23/11/2018	106.94	106.94	106.94	106.94	0	EUR	
26/11/2018	108.62	108.62	108.62	108.62	0	EUR	
27/11/2018	108.64	108.64	108.64	108.64	0	EUR	
28/11/2018	108.89	108.89	108.89	108.89	0	EUR	
29/11/2018	109.07	109.07	109.07	109.07	0	EUR	
03/12/2018	109.96	109.96	109.96	109.96	0	EUR	
04/12/2018	108.32	108.32	108.32	108.32	0	EUR	
05/12/2018	107.12	107.12	107.12	107.12	0	EUR	
06/12/2018	103.4	103.4	103.4	103.4	0	EUR	
07/12/2018	103.93	103.93	103.93	103.93	0	EUR	
10/12/2018	102.25	102.25	102.25	102.25	0	EUR	
11/12/2018	103.58	103.58	103.58	103.58	0	EUR	
12/12/2018	105.71	105.71	105.71	105.71	0	EUR	
13/12/2018	105.33	105.33	105.33	105.33	0	EUR	
14/12/2018	104.27	104.27	104.27	104.27	0	EUR	
17/12/2018	102.61	102.61	102.61	102.61	0	EUR	
18/12/2018	101.93	101.93	101.93	101.93	0	EUR	
19/12/2018	102.16	102.16	102.16	102.16	0	EUR	
20/12/2018	100.36	100.36	100.36	100.36	0	EUR	
21/12/2018	100.16	100.16	100.16	100.16	0	EUR	
24/12/2018	99.36	99.36	99.36	99.36	0	EUR	
27/12/2018	98.84	98.84	98.84	98.84	0	EUR	
28/12/2018	100.48	100.48	100.48	100.48	0	EUR	
31/12/2018	101.24	101.24	101.24	101.24	0	EUR	
02/01/2019	100.92	100.92	100.92	100.92	0	EUR	
03/01/2019	99.14	99.14	99.14	99.14	0	EUR	
04/01/2019	102.27	102.27	102.27	102.27	0	EUR	
07/01/2019	102.74	102.74	102.74	102.74	0	EUR	
08/01/2019	103.96	103.96	103.96	103.96	0	EUR	
09/01/2019	105.16	105.16	105.16	105.16	0	EUR	
10/01/2019	105.32	105.32	105.32	105.32	0	EUR	
11/01/2019	105.12	105.12	105.12	105.12	0	EUR	
14/01/2019	104.4	104.4	104.4	104.4	0	EUR	
15/01/2019	104.79	104.79	104.79	104.79	0	EUR	
16/01/2019	105.97	105.97	105.97	105.97	0	EUR	
17/01/2019	106.06	106.06	106.06	106.06	0	EUR	
18/01/2019	108.19	108.19	108.19	108.19	0	EUR	
21/01/2019	108.36	108.36	108.36	108.36	0	EUR	
22/01/2019	107.77	107.77	107.77	107.77	0	EUR	
23/01/2019	107.7	107.7	107.7	107.7	0	EUR	
24/01/2019	108.37	108.37	108.37	108.37	0	EUR	
25/01/2019	109.8	109.8	109.8	109.8	0	EUR	
28/01/2019	108.82	108.82	108.82	108.82	0	EUR	
29/01/2019	108.72	108.72	108.72	108.72	0	EUR	
30/01/2019	109.37	109.37	109.37	109.37	0	EUR	
31/01/2019	108.95	108.95	108.95	108.95	0	EUR	
01/02/2019	109.15	109.15	109.15	109.15	0	EUR	
04/02/2019	109.16	109.16	109.16	109.16	0	EUR	
05/02/2019	110.84	110.84	110.84	110.84	0	EUR	
06/02/2019	110.95	110.95	110.95	110.95	0	EUR	
07/02/2019	107.41	107.41	107.41	107.41	0	EUR	
08/02/2019	106.4	106.4	106.4	106.4	0	EUR	
11/02/2019	107.41	107.41	107.41	107.41	0	EUR	
12/02/2019	108.5	108.5	108.5	108.5	0	EUR	
13/02/2019	109.23	109.23	109.23	109.23	0	EUR	
14/02/2019	109.02	109.02	109.02	109.02	0	EUR	
15/02/2019	110.64	110.64	110.64	110.64	0	EUR	
18/02/2019	110.85	110.85	110.85	110.85	0	EUR	
19/02/2019	110.6	110.6	110.6	110.6	0	EUR	
20/02/2019	111.49	111.49	111.49	111.49	0	EUR	
21/02/2019	110.56	110.56	110.56	110.56	0	EUR	
22/02/2019	111.36	111.36	111.36	111.36	0	EUR	
25/02/2019	112.25	112.25	112.25	112.25	0	EUR	
26/02/2019	112.47	112.47	112.47	112.47	0	EUR	
27/02/2019	111.94	111.94	111.94	111.94	0	EUR	
28/02/2019	112.43	112.43	112.43	112.43	0	EUR	
01/03/2019	113.27	113.27	113.27	113.27	0	EUR	
04/03/2019	113.65	113.65	113.65	113.65	0	EUR	
05/03/2019	114.17	114.17	114.17	114.17	0	EUR	
06/03/2019	113.6	113.6	113.6	113.6	0	EUR	
07/03/2019	112.08	112.08	112.08	112.08	0	EUR	
08/03/2019	110.91	110.91	110.91	110.91	0	EUR	
11/03/2019	112.4	112.4	112.4	112.4	0	EUR	
12/03/2019	112.62	112.62	112.62	112.62	0	EUR	
13/03/2019	113.28	113.28	113.28	113.28	0	EUR	
14/03/2019	114.31	114.31	114.31	114.31	0	EUR	
15/03/2019	115.97	115.97	115.97	115.97	0	EUR	
18/03/2019	116.12	116.12	116.12	116.12	0	EUR	
19/03/2019	116.51	116.51	116.51	116.51	0	EUR	
20/03/2019	115.59	115.59	115.59	115.59	0	EUR	
21/03/2019	115.38	115.38	115.38	115.38	0	EUR	
22/03/2019	112.49	112.49	112.49	112.49	0	EUR	
25/03/2019	112.19	112.19	112.19	112.19	0	EUR	
26/03/2019	112.86	112.86	112.86	112.86	0	EUR	
27/03/2019	112.93	112.93	112.93	112.93	0	EUR	
28/03/2019	113	113	113	113	0	EUR	
29/03/2019	113.98	113.98	113.98	113.98	0	EUR	
01/04/2019	115.84	115.84	115.84	115.84	0	EUR	
02/04/2019	116.07	116.07	116.07	116.07	0	EUR	
03/04/2019	117.31	117.31	117.31	117.31	0	EUR	
04/04/2019	117.4	117.4	117.4	117.4	0	EUR	
05/04/2019	118.07	118.07	118.07	118.07	0	EUR	
08/04/2019	117.57	117.57	117.57	117.57	0	EUR	
09/04/2019	116.43	116.43	116.43	116.43	0	EUR	
10/04/2019	116.57	116.57	116.57	116.57	0	EUR	
11/04/2019	117.57	117.57	117.57	117.57	0	EUR	
12/04/2019	118.81	118.81	118.81	118.81	0	EUR	
15/04/2019	118.62	118.62	118.62	118.62	0	EUR	
16/04/2019	119.33	119.33	119.33	119.33	0	EUR	
17/04/2019	120.06	120.06	120.06	120.06	0	EUR	
18/04/2019	120.53	120.53	120.53	120.53	0	EUR	
23/04/2019	120.58	120.58	120.58	120.58	0	EUR	
24/04/2019	120.7	120.7	120.7	120.7	0	EUR	
25/04/2019	119.94	119.94	119.94	119.94	0	EUR	
26/04/2019	119.83	119.83	119.83	119.83	0	EUR	
29/04/2019	120.57	120.57	120.57	120.57	0	EUR	
30/04/2019	120.27	120.27	120.27	120.27	0	EUR	
02/05/2019	119.6	119.6	119.6	119.6	0	EUR	
03/05/2019	120.06	120.06	120.06	120.06	0	EUR	
06/05/2019	118.25	118.25	118.25	118.25	0	EUR	
07/05/2019	116.27	116.27	116.27	116.27	0	EUR	
09/05/2019	114.66	114.66	114.66	114.66	0	EUR	
10/05/2019	114.9	114.9	114.9	114.9	0	EUR	
13/05/2019	112.26	112.26	112.26	112.26	0	EUR	
14/05/2019	114.18	114.18	114.18	114.18	0	EUR	
15/05/2019	114.55	114.55	114.55	114.55	0	EUR	
16/05/2019	116.14	116.14	116.14	116.14	0	EUR	
17/05/2019	115.47	115.47	115.47	115.47	0	EUR	
20/05/2019	113.86	113.86	113.86	113.86	0	EUR	
21/05/2019	115.2	115.2	115.2	115.2	0	EUR	
22/05/2019	115.15	115.15	115.15	115.15	0	EUR	
23/05/2019	112.66	112.66	112.66	112.66	0	EUR	
24/05/2019	113.06	113.06	113.06	113.06	0	EUR	
27/05/2019	113.33	113.33	113.33	113.33	0	EUR	
28/05/2019	112.77	112.77	112.77	112.77	0	EUR	
29/05/2019	110.95	110.95	110.95	110.95	0	EUR	
31/05/2019	110.13	110.13	110.13	110.13	0	EUR	
03/06/2019	110.29	110.29	110.29	110.29	0	EUR	
04/06/2019	111.78	111.78	111.78	111.78	0	EUR	
05/06/2019	111.77	111.77	111.77	111.77	0	EUR	
06/06/2019	111.41	111.41	111.41	111.41	0	EUR	
07/06/2019	112.72	112.72	112.72	112.72	0	EUR	
11/06/2019	114.81	114.81	114.81	114.81	0	EUR	
12/06/2019	113.59	113.59	113.59	113.59	0	EUR	
13/06/2019	114.16	114.16	114.16	114.16	0	EUR	
14/06/2019	113.4	113.4	113.4	113.4	0	EUR	
17/06/2019	113.61	113.61	113.61	113.61	0	EUR	
18/06/2019	116.1	116.1	116.1	116.1	0	EUR	
19/06/2019	116.22	116.22	116.22	116.22	0	EUR	
20/06/2019	116.46	116.46	116.46	116.46	0	EUR	
21/06/2019	115.96	115.96	115.96	115.96	0	EUR	
24/06/2019	115.29	115.29	115.29	115.29	0	EUR	
25/06/2019	115.15	115.15	115.15	115.15	0	EUR	
26/06/2019	115.92	115.92	115.92	115.92	0	EUR	
27/06/2019	116.22	116.22	116.22	116.22	0	EUR	
28/06/2019	117.25	117.25	117.25	117.25	0	EUR	
01/07/2019	118.5	118.5	118.5	118.5	0	EUR	
02/07/2019	118.15	118.15	118.15	118.15	0	EUR	
03/07/2019	118.94	118.94	118.94	118.94	0	EUR	
05/07/2019	118.85	118.85	118.85	118.85	0	EUR	
08/07/2019	118.43	118.43	118.43	118.43	0	EUR	
09/07/2019	117.57	117.57	117.57	117.57	0	EUR	
10/07/2019	117.49	117.49	117.49	117.49	0	EUR	
11/07/2019	117.31	117.31	117.31	117.31	0	EUR	
12/07/2019	118.08	118.08	118.08	118.08	0	EUR	
15/07/2019	118.19	118.19	118.19	118.19	0	EUR	
16/07/2019	118.75	118.75	118.75	118.75	0	EUR	
17/07/2019	117.18	117.18	117.18	117.18	0	EUR	
18/07/2019	116.41	116.41	116.41	116.41	0	EUR	
19/07/2019	116.65	116.65	116.65	116.65	0	EUR	
22/07/2019	117.14	117.14	117.14	117.14	0	EUR	
23/07/2019	118.83	118.83	118.83	118.83	0	EUR	
24/07/2019	118.78	118.78	118.78	118.78	0	EUR	
25/07/2019	118.35	118.35	118.35	118.35	0	EUR	
26/07/2019	118.71	118.71	118.71	118.71	0	EUR	
29/07/2019	118.33	118.33	118.33	118.33	0	EUR	
30/07/2019	116.61	116.61	116.61	116.61	0	EUR	
31/07/2019	116.61	116.61	116.61	116.61	0	EUR	
01/08/2019	116.27	116.27	116.27	116.27	0	EUR	
02/08/2019	113.12	113.12	113.12	113.12	0	EUR	
05/08/2019	109.86	109.86	109.86	109.86	0	EUR	
06/08/2019	109.69	109.69	109.69	109.69	0	EUR	
07/08/2019	109.78	109.78	109.78	109.78	0	EUR	
08/08/2019	112.01	112.01	112.01	112.01	0	EUR	
09/08/2019	110.41	110.41	110.41	110.41	0	EUR	
12/08/2019	109.45	109.45	109.45	109.45	0	EUR	
13/08/2019	110.71	110.71	110.71	110.71	0	EUR	
14/08/2019	107.71	107.71	107.71	107.71	0	EUR	
16/08/2019	109.48	109.48	109.48	109.48	0	EUR	
19/08/2019	111.45	111.45	111.45	111.45	0	EUR	
20/08/2019	110.51	110.51	110.51	110.51	0	EUR	
21/08/2019	112.15	112.15	112.15	112.15	0	EUR	
22/08/2019	111.27	111.27	111.27	111.27	0	EUR	
23/08/2019	109.69	109.69	109.69	109.69	0	EUR	
26/08/2019	110.06	110.06	110.06	110.06	0	EUR	
27/08/2019	110.3	110.3	110.3	110.3	0	EUR	
28/08/2019	110.1	110.1	110.1	110.1	0	EUR	
29/08/2019	111.76	111.76	111.76	111.76	0	EUR	
30/08/2019	112.69	112.69	112.69	112.69	0	EUR	
02/09/2019	112.72	112.72	112.72	112.72	0	EUR	
03/09/2019	111.71	111.71	111.71	111.71	0	EUR	
04/09/2019	113.31	113.31	113.31	113.31	0	EUR	
05/09/2019	115.59	115.59	115.59	115.59	0	EUR	
06/09/2019	115.53	115.53	115.53	115.53	0	EUR	
09/09/2019	116.08	116.08	116.08	116.08	0	EUR	
10/09/2019	116.48	116.48	116.48	116.48	0	EUR	
11/09/2019	117.54	117.54	117.54	117.54	0	EUR	
12/09/2019	117.4	117.4	117.4	117.4	0	EUR	
13/09/2019	118.58	118.58	118.58	118.58	0	EUR	
16/09/2019	118.12	118.12	118.12	118.12	0	EUR	
17/09/2019	117.55	117.55	117.55	117.55	0	EUR	
18/09/2019	117.27	117.27	117.27	117.27	0	EUR	
19/09/2019	117.82	117.82	117.82	117.82	0	EUR	
20/09/2019	117.69	117.69	117.69	117.69	0	EUR	
23/09/2019	115.74	115.74	115.74	115.74	0	EUR	
24/09/2019	115.17	115.17	115.17	115.17	0	EUR	
25/09/2019	114.71	114.71	114.71	114.71	0	EUR	
26/09/2019	114.91	114.91	114.91	114.91	0	EUR	
27/09/2019	115.25	115.25	115.25	115.25	0	EUR	
30/09/2019	115.6	115.6	115.6	115.6	0	EUR	
01/10/2019	114.19	114.19	114.19	114.19	0	EUR	
02/10/2019	111.17	111.17	111.17	111.17	0	EUR	
03/10/2019	110.97	110.97	110.97	110.97	0	EUR	
04/10/2019	111.87	111.87	111.87	111.87	0	EUR	
07/10/2019	112.29	112.29	112.29	112.29	0	EUR	
08/10/2019	110.39	110.39	110.39	110.39	0	EUR	
09/10/2019	110.99	110.99	110.99	110.99	0	EUR	
10/10/2019	112.37	112.37	112.37	112.37	0	EUR	
11/10/2019	115.49	115.49	115.49	115.49	0	EUR	
14/10/2019	114.85	114.85	114.85	114.85	0	EUR	
15/10/2019	115.73	115.73	115.73	115.73	0	EUR	
16/10/2019	115.84	115.84	115.84	115.84	0	EUR	
17/10/2019	115.55	115.55	115.55	115.55	0	EUR	
18/10/2019	114.52	114.52	114.52	114.52	0	EUR	
21/10/2019	116.3	116.3	116.3	116.3	0	EUR	
22/10/2019	115.76	115.76	115.76	115.76	0	EUR	
23/10/2019	116.22	116.22	116.22	116.22	0	EUR	
24/10/2019	115.74	115.74	115.74	115.74	0	EUR	
25/10/2019	116.73	116.73	116.73	116.73	0	EUR	
28/10/2019	117.26	117.26	117.26	117.26	0	EUR	
29/10/2019	117.53	117.53	117.53	117.53	0	EUR	
30/10/2019	116.45	116.45	116.45	116.45	0	EUR	
31/10/2019	115.68	115.68	115.68	115.68	0	EUR	
04/11/2019	118.6	118.6	118.6	118.6	0	EUR	
05/11/2019	118.98	118.98	118.98	118.98	0	EUR	
06/11/2019	118.78	118.78	118.78	118.78	0	EUR	
07/11/2019	119.96	119.96	119.96	119.96	0	EUR	
08/11/2019	119.56	119.56	119.56	119.56	0	EUR	
12/11/2019	119.92	119.92	119.92	119.92	0	EUR	
13/11/2019	118.58	118.58	118.58	118.58	0	EUR	
14/11/2019	118.7	118.7	118.7	118.7	0	EUR	
15/11/2019	119.83	119.83	119.83	119.83	0	EUR	
18/11/2019	119.3	119.3	119.3	119.3	0	EUR	
19/11/2019	119.22	119.22	119.22	119.22	0	EUR	
20/11/2019	118.68	118.68	118.68	118.68	0	EUR	
21/11/2019	118.6	118.6	118.6	118.6	0	EUR	
22/11/2019	119.26	119.26	119.26	119.26	0	EUR	
25/11/2019	120.36	120.36	120.36	120.36	0	EUR	
26/11/2019	120.61	120.61	120.61	120.61	0	EUR	
27/11/2019	121.2	121.2	121.2	121.2	0	EUR	
28/11/2019	121.11	121.11	121.11	121.11	0	EUR	
29/11/2019	120.33	120.33	120.33	120.33	0	EUR	
02/12/2019	118.69	118.69	118.69	118.69	0	EUR	
03/12/2019	117.42	117.42	117.42	117.42	0	EUR	
04/12/2019	118.93	118.93	118.93	118.93	0	EUR	
05/12/2019	119.14	119.14	119.14	119.14	0	EUR	
06/12/2019	120.59	120.59	120.59	120.59	0	EUR	
09/12/2019	120.02	120.02	120.02	120.02	0	EUR	
10/12/2019	120.1	120.1	120.1	120.1	0	EUR	
11/12/2019	120.21	120.21	120.21	120.21	0	EUR	
12/12/2019	121.48	121.48	121.48	121.48	0	EUR	
13/12/2019	122.05	122.05	122.05	122.05	0	EUR	
16/12/2019	123.74	123.74	123.74	123.74	0	EUR	
17/12/2019	123.41	123.41	123.41	123.41	0	EUR	
18/12/2019	123.34	123.34	123.34	123.34	0	EUR	
19/12/2019	123.34	123.34	123.34	123.34	0	EUR	
20/12/2019	124.06	124.06	124.06	124.06	0	EUR	
23/12/2019	124.26	124.26	124.26	124.26	0	EUR	
24/12/2019	124.38	124.38	124.38	124.38	0	EUR	
27/12/2019	124.22	124.22	124.22	124.22	0	EUR	
30/12/2019	123.58	123.58	123.58	123.58	0	EUR	
31/12/2019	123.32	123.32	123.32	123.32	0	EUR	
02/01/2020	125.37	125.37	125.37	125.37	0	EUR	
03/01/2020	124.64	124.64	124.64	124.64	0	EUR	
06/01/2020	124.28	124.28	124.28	124.28	0	EUR	
07/01/2020	124.79	124.79	124.79	124.79	0	EUR	
08/01/2020	125.01	125.01	125.01	125.01	0	EUR	
09/01/2020	125.71	125.71	125.71	125.71	0	EUR	
10/01/2020	125.26	125.26	125.26	125.26	0	EUR	
13/01/2020	125.38	125.38	125.38	125.38	0	EUR	
14/01/2020	125.41	125.41	125.41	125.41	0	EUR	
15/01/2020	124.55	124.55	124.55	124.55	0	EUR	
16/01/2020	125.13	125.13	125.13	125.13	0	EUR	
17/01/2020	126.23	126.23	126.23	126.23	0	EUR	
20/01/2020	126.1	126.1	126.1	126.1	0	EUR	
21/01/2020	124.95	124.95	124.95	124.95	0	EUR	
22/01/2020	124.33	124.33	124.33	124.33	0	EUR	
23/01/2020	123.71	123.71	123.71	123.71	0	EUR	
24/01/2020	124.03	124.03	124.03	124.03	0	EUR	
27/01/2020	120.77	120.77	120.77	120.77	0	EUR	
28/01/2020	122.27	122.27	122.27	122.27	0	EUR	
29/01/2020	122.41	122.41	122.41	122.41	0	EUR	
30/01/2020	120.86	120.86	120.86	120.86	0	EUR	
31/01/2020	119.03	119.03	119.03	119.03	0	EUR	
03/02/2020	119.85	119.85	119.85	119.85	0	EUR	
04/02/2020	122.51	122.51	122.51	122.51	0	EUR	
05/02/2020	124.33	124.33	124.33	124.33	0	EUR	
06/02/2020	125.49	125.49	125.49	125.49	0	EUR	
07/02/2020	125.09	125.09	125.09	125.09	0	EUR	
10/02/2020	124.61	124.61	124.61	124.61	0	EUR	
11/02/2020	126.27	126.27	126.27	126.27	0	EUR	
12/02/2020	127.45	127.45	127.45	127.45	0	EUR	
13/02/2020	127.31	127.31	127.31	127.31	0	EUR	
14/02/2020	126.78	126.78	126.78	126.78	0	EUR	
17/02/2020	127.01	127.01	127.01	127.01	0	EUR	
18/02/2020	126.34	126.34	126.34	126.34	0	EUR	
19/02/2020	126.91	126.91	126.91	126.91	0	EUR	
20/02/2020	126.04	126.04	126.04	126.04	0	EUR	
21/02/2020	124.87	124.87	124.87	124.87	0	EUR	
24/02/2020	120.19	120.19	120.19	120.19	0	EUR	
25/02/2020	117.51	117.51	117.51	117.51	0	EUR	
26/02/2020	117.93	117.93	117.93	117.93	0	EUR	
27/02/2020	113.61	113.61	113.61	113.61	0	EUR	
28/02/2020	110.8	110.8	110.8	110.8	0	EUR	
02/03/2020	110.62	110.62	110.62	110.62	0	EUR	
03/03/2020	110.69	110.69	110.69	110.69	0	EUR	
04/03/2020	111.71	111.71	111.71	111.71	0	EUR	
05/03/2020	110.16	110.16	110.16	110.16	0	EUR	
06/03/2020	106.16	106.16	106.16	106.16	0	EUR	
09/03/2020	96.24	96.24	96.24	96.24	0	EUR	
10/03/2020	96.06	96.06	96.06	96.06	0	EUR	
11/03/2020	94.47	94.47	94.47	94.47	0	EUR	
12/03/2020	83.03	83.03	83.03	83.03	0	EUR	
13/03/2020	84.71	84.71	84.71	84.71	0	EUR	
16/03/2020	77.76	77.76	77.76	77.76	0	EUR	
17/03/2020	78.9	78.9	78.9	78.9	0	EUR	
18/03/2020	75.9	75.9	75.9	75.9	0	EUR	
19/03/2020	78.19	78.19	78.19	78.19	0	EUR	
20/03/2020	80.93	80.93	80.93	80.93	0	EUR	
23/03/2020	78.9	78.9	78.9	78.9	0	EUR	
24/03/2020	85.39	85.39	85.39	85.39	0	EUR	
25/03/2020	87.27	87.27	87.27	87.27	0	EUR	
26/03/2020	89.4	89.4	89.4	89.4	0	EUR	
27/03/2020	85.63	85.63	85.63	85.63	0	EUR	
30/03/2020	85.46	85.46	85.46	85.46	0	EUR	
31/03/2020	86.96	86.96	86.96	86.96	0	EUR	
01/04/2020	84.57	84.57	84.57	84.57	0	EUR	
02/04/2020	85.16	85.16	85.16	85.16	0	EUR	
03/04/2020	84.63	84.63	84.63	84.63	0	EUR	
06/04/2020	89.06	89.06	89.06	89.06	0	EUR	
07/04/2020	90.73	90.73	90.73	90.73	0	EUR	
08/04/2020	91.31	91.31	91.31	91.31	0	EUR	
09/04/2020	92.47	92.47	92.47	92.47	0	EUR	
14/04/2020	92.54	92.54	92.54	92.54	0	EUR	
15/04/2020	89.1	89.1	89.1	89.1	0	EUR	
16/04/2020	89.25	89.25	89.25	89.25	0	EUR	
17/04/2020	91.65	91.65	91.65	91.65	0	EUR	
20/04/2020	91.72	91.72	91.72	91.72	0	EUR	
21/04/2020	88.75	88.75	88.75	88.75	0	EUR	
22/04/2020	90.36	90.36	90.36	90.36	0	EUR	
23/04/2020	91.3	91.3	91.3	91.3	0	EUR	
24/04/2020	90.1	90.1	90.1	90.1	0	EUR	
27/04/2020	92.57	92.57	92.57	92.57	0	EUR	
28/04/2020	92.99	92.99	92.99	92.99	0	EUR	
29/04/2020	96.19	96.19	96.19	96.19	0	EUR	
30/04/2020	93.44	93.44	93.44	93.44	0	EUR	
04/05/2020	89.52	89.52	89.52	89.52	0	EUR	
05/05/2020	91.04	91.04	91.04	91.04	0	EUR	
06/05/2020	90.36	90.36	90.36	90.36	0	EUR	
07/05/2020	91.96	91.96	91.96	91.96	0	EUR	
11/05/2020	92.45	92.45	92.45	92.45	0	EUR	
12/05/2020	91.34	91.34	91.34	91.34	0	EUR	
14/05/2020	88.16	88.16	88.16	88.16	0	EUR	
15/05/2020	88.51	88.51	88.51	88.51	0	EUR	
18/05/2020	92.98	92.98	92.98	92.98	0	EUR	
19/05/2020	91.17	91.17	91.17	91.17	0	EUR	
20/05/2020	92.23	92.23	92.23	92.23	0	EUR	
22/05/2020	91.43	91.43	91.43	91.43	0	EUR	
25/05/2020	93.46	93.46	93.46	93.46	0	EUR	
26/05/2020	96.05	96.05	96.05	96.05	0	EUR	
27/05/2020	97.92	97.92	97.92	97.92	0	EUR	
28/05/2020	98.17	98.17	98.17	98.17	0	EUR	
29/05/2020	97.05	97.05	97.05	97.05	0	EUR	
02/06/2020	100.5	100.5	100.5	100.5	0	EUR	
03/06/2020	103.81	103.81	103.81	103.81	0	EUR	
04/06/2020	103.71	103.71	103.71	103.71	0	EUR	
05/06/2020	107.83	107.83	107.83	107.83	0	EUR	
08/06/2020	108.58	108.58	108.58	108.58	0	EUR	
09/06/2020	106.36	106.36	106.36	106.36	0	EUR	
10/06/2020	104.88	104.88	104.88	104.88	0	EUR	
11/06/2020	98.86	98.86	98.86	98.86	0	EUR	
12/06/2020	100.01	100.01	100.01	100.01	0	EUR	
15/06/2020	100.49	100.49	100.49	100.49	0	EUR	
16/06/2020	103.68	103.68	103.68	103.68	0	EUR	
17/06/2020	104.07	104.07	104.07	104.07	0	EUR	
18/06/2020	101.51	101.51	101.51	101.51	0	EUR	
19/06/2020	101.05	101.05	101.05	101.05	0	EUR	
22/06/2020	99.89	99.89	99.89	99.89	0	EUR	
24/06/2020	97.86	97.86	97.86	97.86	0	EUR	
25/06/2020	98.89	98.89	98.89	98.89	0	EUR	
26/06/2020	97.83	97.83	97.83	97.83	0	EUR	
29/06/2020	98.91	98.91	98.91	98.91	0	EUR	
30/06/2020	99.31	99.31	99.31	99.31	0	EUR	
01/07/2020	98.61	98.61	98.61	98.61	0	EUR	
02/07/2020	101.22	101.22	101.22	101.22	0	EUR	
03/07/2020	100.84	100.84	100.84	100.84	0	EUR	
06/07/2020	102.82	102.82	102.82	102.82	0	EUR	
07/07/2020	101.87	101.87	101.87	101.87	0	EUR	
08/07/2020	101.01	101.01	101.01	101.01	0	EUR	
09/07/2020	99.75	99.75	99.75	99.75	0	EUR	
10/07/2020	101.05	101.05	101.05	101.05	0	EUR	
13/07/2020	101.83	101.83	101.83	101.83	0	EUR	
15/07/2020	103.69	103.69	103.69	103.69	0	EUR	
16/07/2020	103.2	103.2	103.2	103.2	0	EUR	
17/07/2020	103.09	103.09	103.09	103.09	0	EUR	
20/07/2020	103.95	103.95	103.95	103.95	0	EUR	
21/07/2020	104.5	104.5	104.5	104.5	0	EUR	
22/07/2020	103.28	103.28	103.28	103.28	0	EUR	
23/07/2020	102.81	102.81	102.81	102.81	0	EUR	
24/07/2020	100.8	100.8	100.8	100.8	0	EUR	
27/07/2020	99.87	99.87	99.87	99.87	0	EUR	
28/07/2020	99.49	99.49	99.49	99.49	0	EUR	
29/07/2020	99.32	99.32	99.32	99.32	0	EUR	
30/07/2020	96.97	96.97	96.97	96.97	0	EUR	
31/07/2020	96.11	96.11	96.11	96.11	0	EUR	
03/08/2020	98.26	98.26	98.26	98.26	0	EUR	
04/08/2020	98.95	98.95	98.95	98.95	0	EUR	
05/08/2020	100.06	100.06	100.06	100.06	0	EUR	
06/08/2020	99.66	99.66	99.66	99.66	0	EUR	
07/08/2020	99.46	99.46	99.46	99.46	0	EUR	
10/08/2020	100.57	100.57	100.57	100.57	0	EUR	
12/08/2020	103.2	103.2	103.2	103.2	0	EUR	
13/08/2020	102.28	102.28	102.28	102.28	0	EUR	
14/08/2020	101.13	101.13	101.13	101.13	0	EUR	
17/08/2020	100.97	100.97	100.97	100.97	0	EUR	
18/08/2020	100.07	100.07	100.07	100.07	0	EUR	
19/08/2020	99.76	99.76	99.76	99.76	0	EUR	
20/08/2020	98.29	98.29	98.29	98.29	0	EUR	
21/08/2020	97.99	97.99	97.99	97.99	0	EUR	
24/08/2020	99.88	99.88	99.88	99.88	0	EUR	
25/08/2020	99.68	99.68	99.68	99.68	0	EUR	
26/08/2020	100.38	100.38	100.38	100.38	0	EUR	
27/08/2020	100.05	100.05	100.05	100.05	0	EUR	
28/08/2020	100.44	100.44	100.44	100.44	0	EUR	
31/08/2020	99.29	99.29	99.29	99.29	0	EUR	
01/09/2020	99.01	99.01	99.01	99.01	0	EUR	
02/09/2020	100.24	100.24	100.24	100.24	0	EUR	
03/09/2020	98.96	98.96	98.96	98.96	0	EUR	
04/09/2020	98.68	98.68	98.68	98.68	0	EUR	
07/09/2020	99.71	99.71	99.71	99.71	0	EUR	
08/09/2020	97.71	97.71	97.71	97.71	0	EUR	
09/09/2020	98.72	98.72	98.72	98.72	0	EUR	
10/09/2020	98.2	98.2	98.2	98.2	0	EUR	
11/09/2020	98.12	98.12	98.12	98.12	0	EUR	
14/09/2020	98.77	98.77	98.77	98.77	0	EUR	
15/09/2020	98.97	98.97	98.97	98.97	0	EUR	
16/09/2020	99.66	99.66	99.66	99.66	0	EUR	
17/09/2020	99.28	99.28	99.28	99.28	0	EUR	
18/09/2020	97.81	97.81	97.81	97.81	0	EUR	
21/09/2020	93.83	93.83	93.83	93.83	0	EUR	
22/09/2020	93.98	93.98	93.98	93.98	0	EUR	
23/09/2020	93.62	93.62	93.62	93.62	0	EUR	
24/09/2020	92.97	92.97	92.97	92.97	0	EUR	
25/09/2020	93.08	93.08	93.08	93.08	0	EUR	
28/09/2020	95.59	95.59	95.59	95.59	0	EUR	
29/09/2020	94.81	94.81	94.81	94.81	0	EUR	
30/09/2020	95.55	95.55	95.55	95.55	0	EUR	
01/10/2020	95.04	95.04	95.04	95.04	0	EUR	
02/10/2020	95.33	95.33	95.33	95.33	0	EUR	
05/10/2020	96.85	96.85	96.85	96.85	0	EUR	
06/10/2020	98.12	98.12	98.12	98.12	0	EUR	
07/10/2020	98.9	98.9	98.9	98.9	0	EUR	
08/10/2020	99.96	99.96	99.96	99.96	0	EUR	
09/10/2020	99.92	99.92	99.92	99.92	0	EUR	
12/10/2020	100.43	100.43	100.43	100.43	0	EUR	
13/10/2020	99.29	99.29	99.29	99.29	0	EUR	
14/10/2020	98.88	98.88	98.88	98.88	0	EUR	
15/10/2020	97.49	97.49	97.49	97.49	0	EUR	
16/10/2020	98.83	98.83	98.83	98.83	0	EUR	
19/10/2020	98.79	98.79	98.79	98.79	0	EUR	
20/10/2020	98.81	98.81	98.81	98.81	0	EUR	
21/10/2020	97.25	97.25	97.25	97.25	0	EUR	
22/10/2020	97.55	97.55	97.55	97.55	0	EUR	
23/10/2020	98.45	98.45	98.45	98.45	0	EUR	
26/10/2020	95.85	95.85	95.85	95.85	0	EUR	
27/10/2020	93.9	93.9	93.9	93.9	0	EUR	
28/10/2020	90.77	90.77	90.77	90.77	0	EUR	
29/10/2020	90.65	90.65	90.65	90.65	0	EUR	
30/10/2020	91.27	91.27	91.27	91.27	0	EUR	
02/11/2020	93.14	93.14	93.14	93.14	0	EUR	
03/11/2020	95.17	95.17	95.17	95.17	0	EUR	
04/11/2020	96.15	96.15	96.15	96.15	0	EUR	
05/11/2020	97.55	97.55	97.55	97.55	0	EUR	
06/11/2020	97.1	97.1	97.1	97.1	0	EUR	
09/11/2020	104.04	104.04	104.04	104.04	0	EUR	
10/11/2020	106.47	106.47	106.47	106.47	0	EUR	
12/11/2020	105.24	105.24	105.24	105.24	0	EUR	
13/11/2020	106.49	106.49	106.49	106.49	0	EUR	
16/11/2020	109.73	109.73	109.73	109.73	0	EUR	
17/11/2020	109.66	109.66	109.66	109.66	0	EUR	
18/11/2020	109.69	109.69	109.69	109.69	0	EUR	
19/11/2020	108.42	108.42	108.42	108.42	0	EUR	
20/11/2020	109.07	109.07	109.07	109.07	0	EUR	
23/11/2020	110.89	110.89	110.89	110.89	0	EUR	
24/11/2020	114.62	114.62	114.62	114.62	0	EUR	
25/11/2020	114.33	114.33	114.33	114.33	0	EUR	
26/11/2020	113.54	113.54	113.54	113.54	0	EUR	
27/11/2020	114.43	114.43	114.43	114.43	0	EUR	
30/11/2020	112.45	112.45	112.45	112.45	0	EUR	
01/12/2020	113.81	113.81	113.81	113.81	0	EUR	
02/12/2020	114.06	114.06	114.06	114.06	0	EUR	
03/12/2020	114.31	114.31	114.31	114.31	0	EUR	
04/12/2020	116.07	116.07	116.07	116.07	0	EUR	
07/12/2020	115	115	115	115	0	EUR	
08/12/2020	114.23	114.23	114.23	114.23	0	EUR	
09/12/2020	114.25	114.25	114.25	114.25	0	EUR	
10/12/2020	113.26	113.26	113.26	113.26	0	EUR	
11/12/2020	112.14	112.14	112.14	112.14	0	EUR	
14/12/2020	112.74	112.74	112.74	112.74	0	EUR	
15/12/2020	114.33	114.33	114.33	114.33	0	EUR	
16/12/2020	114.38	114.38	114.38	114.38	0	EUR	
17/12/2020	114.3	114.3	114.3	114.3	0	EUR	
18/12/2020	113.57	113.57	113.57	113.57	0	EUR	
21/12/2020	110.95	110.95	110.95	110.95	0	EUR	
22/12/2020	112.37	112.37	112.37	112.37	0	EUR	
23/12/2020	113.94	113.94	113.94	113.94	0	EUR	
24/12/2020	114.06	114.06	114.06	114.06	0	EUR	
28/12/2020	114.07	114.07	114.07	114.07	0	EUR	
29/12/2020	114.22	114.22	114.22	114.22	0	EUR	
30/12/2020	114.22	114.22	114.22	114.22	0	EUR	
31/12/2020	114.09	114.09	114.09	114.09	0	EUR	
04/01/2021	114.69	114.69	114.69	114.69	0	EUR	
05/01/2021	115.41	115.41	115.41	115.41	0	EUR	
06/01/2021	118.39	118.39	118.39	118.39	0	EUR	
07/01/2021	119.87	119.87	119.87	119.87	0	EUR	
08/01/2021	120.53	120.53	120.53	120.53	0	EUR	
11/01/2021	119.92	119.92	119.92	119.92	0	EUR	
12/01/2021	120.95	120.95	120.95	120.95	0	EUR	
13/01/2021	120.15	120.15	120.15	120.15	0	EUR	
14/01/2021	121.32	121.32	121.32	121.32	0	EUR	
15/01/2021	119.98	119.98	119.98	119.98	0	EUR	
18/01/2021	120.57	120.57	120.57	120.57	0	EUR	
19/01/2021	120.54	120.54	120.54	120.54	0	EUR	
20/01/2021	121.6	121.6	121.6	121.6	0	EUR	
21/01/2021	120.53	120.53	120.53	120.53	0	EUR	
22/01/2021	118.58	118.58	118.58	118.58	0	EUR	
25/01/2021	116.38	116.38	116.38	116.38	0	EUR	
26/01/2021	117.02	117.02	117.02	117.02	0	EUR	
27/01/2021	115.58	115.58	115.58	115.58	0	EUR	
28/01/2021	116.73	116.73	116.73	116.73	0	EUR	
29/01/2021	115.22	115.22	115.22	115.22	0	EUR	
01/02/2021	116.47	116.47	116.47	116.47	0	EUR	
02/02/2021	119.06	119.06	119.06	119.06	0	EUR	
03/02/2021	119.64	119.64	119.64	119.64	0	EUR	
04/02/2021	121.13	121.13	121.13	121.13	0	EUR	
05/02/2021	121.98	121.98	121.98	121.98	0	EUR	
08/02/2021	123.37	123.37	123.37	123.37	0	EUR	
09/02/2021	122.32	122.32	122.32	122.32	0	EUR	
10/02/2021	122.18	122.18	122.18	122.18	0	EUR	
11/02/2021	122.36	122.36	122.36	122.36	0	EUR	
12/02/2021	122.78	122.78	122.78	122.78	0	EUR	
15/02/2021	123.6	123.6	123.6	123.6	0	EUR	
16/02/2021	123.74	123.74	123.74	123.74	0	EUR	
17/02/2021	123.6	123.6	123.6	123.6	0	EUR	
18/02/2021	122.63	122.63	122.63	122.63	0	EUR	
19/02/2021	123.6	123.6	123.6	123.6	0	EUR	
22/02/2021	123.84	123.84	123.84	123.84	0	EUR	
23/02/2021	124.41	124.41	124.41	124.41	0	EUR	
24/02/2021	126.24	126.24	126.24	126.24	0	EUR	
25/02/2021	125.74	125.74	125.74	125.74	0	EUR	
26/02/2021	123.94	123.94	123.94	123.94	0	EUR	
01/03/2021	126.31	126.31	126.31	126.31	0	EUR	
02/03/2021	126.2	126.2	126.2	126.2	0	EUR	
03/03/2021	126.77	126.77	126.77	126.77	0	EUR	
04/03/2021	126.57	126.57	126.57	126.57	0	EUR	
05/03/2021	126.71	126.71	126.71	126.71	0	EUR	
08/03/2021	129.31	129.31	129.31	129.31	0	EUR	
09/03/2021	129.56	129.56	129.56	129.56	0	EUR	
10/03/2021	130.08	130.08	130.08	130.08	0	EUR	
11/03/2021	130.52	130.52	130.52	130.52	0	EUR	
12/03/2021	131.55	131.55	131.55	131.55	0	EUR	
15/03/2021	131.56	131.56	131.56	131.56	0	EUR	
16/03/2021	131.58	131.58	131.58	131.58	0	EUR	
17/03/2021	131.68	131.68	131.68	131.68	0	EUR	
18/03/2021	131.73	131.73	131.73	131.73	0	EUR	
19/03/2021	130.13	130.13	130.13	130.13	0	EUR	
22/03/2021	129.35	129.35	129.35	129.35	0	EUR	
23/03/2021	127.94	127.94	127.94	127.94	0	EUR	
24/03/2021	128.5	128.5	128.5	128.5	0	EUR	
25/03/2021	128.49	128.49	128.49	128.49	0	EUR	
26/03/2021	130.04	130.04	130.04	130.04	0	EUR	
29/03/2021	129.72	129.72	129.72	129.72	0	EUR	
30/03/2021	131.41	131.41	131.41	131.41	0	EUR	
31/03/2021	130.85	130.85	130.85	130.85	0	EUR	
01/04/2021	131.64	131.64	131.64	131.64	0	EUR	
06/04/2021	132.2	132.2	132.2	132.2	0	EUR	
07/04/2021	131.99	131.99	131.99	131.99	0	EUR	
08/04/2021	131.57	131.57	131.57	131.57	0	EUR	
09/04/2021	131.43	131.43	131.43	131.43	0	EUR	
12/04/2021	130.71	130.71	130.71	130.71	0	EUR	
13/04/2021	130.77	130.77	130.77	130.77	0	EUR	
14/04/2021	131.62	131.62	131.62	131.62	0	EUR	
15/04/2021	131.63	131.63	131.63	131.63	0	EUR	
16/04/2021	132.63	132.63	132.63	132.63	0	EUR	
19/04/2021	132.72	132.72	132.72	132.72	0	EUR	
20/04/2021	129.32	129.32	129.32	129.32	0	EUR	
21/04/2021	130.1	130.1	130.1	130.1	0	EUR	
22/04/2021	130.72	130.72	130.72	130.72	0	EUR	
23/04/2021	131.03	131.03	131.03	131.03	0	EUR	
26/04/2021	132.11	132.11	132.11	132.11	0	EUR	
27/04/2021	132.55	132.55	132.55	132.55	0	EUR	
28/04/2021	133.46	133.46	133.46	133.46	0	EUR	
29/04/2021	132.83	132.83	132.83	132.83	0	EUR	
30/04/2021	132.23	132.23	132.23	132.23	0	EUR	
03/05/2021	132.9	132.9	132.9	132.9	0	EUR	
04/05/2021	132.24	132.24	132.24	132.24	0	EUR	
05/05/2021	135	135	135	135	0	EUR	
06/05/2021	135.72	135.72	135.72	135.72	0	EUR	
07/05/2021	136.93	136.93	136.93	136.93	0	EUR	
10/05/2021	137.1	137.1	137.1	137.1	0	EUR	
11/05/2021	134.69	134.69	134.69	134.69	0	EUR	
12/05/2021	134.71	134.71	134.71	134.71	0	EUR	
14/05/2021	135.86	135.86	135.86	135.86	0	EUR	
17/05/2021	135.65	135.65	135.65	135.65	0	EUR	
18/05/2021	135.56	135.56	135.56	135.56	0	EUR	
19/05/2021	133.19	133.19	133.19	133.19	0	EUR	
20/05/2021	133.82	133.82	133.82	133.82	0	EUR	
21/05/2021	134.55	134.55	134.55	134.55	0	EUR	
25/05/2021	134.75	134.75	134.75	134.75	0	EUR	
26/05/2021	134.65	134.65	134.65	134.65	0	EUR	
27/05/2021	136.29	136.29	136.29	136.29	0	EUR	
28/05/2021	136.83	136.83	136.83	136.83	0	EUR	
31/05/2021	136.21	136.21	136.21	136.21	0	EUR	
01/06/2021	137.65	137.65	137.65	137.65	0	EUR	
02/06/2021	138.16	138.16	138.16	138.16	0	EUR	
03/06/2021	138.39	138.39	138.39	138.39	0	EUR	
04/06/2021	138.48	138.48	138.48	138.48	0	EUR	
07/06/2021	138.82	138.82	138.82	138.82	0	EUR	
08/06/2021	138.52	138.52	138.52	138.52	0	EUR	
09/06/2021	137.91	137.91	137.91	137.91	0	EUR	
10/06/2021	137.71	137.71	137.71	137.71	0	EUR	
11/06/2021	138.84	138.84	138.84	138.84	0	EUR	
14/06/2021	138.59	138.59	138.59	138.59	0	EUR	
15/06/2021	138.09	138.09	138.09	138.09	0	EUR	
16/06/2021	137.83	137.83	137.83	137.83	0	EUR	
17/06/2021	137.47	137.47	137.47	137.47	0	EUR	
18/06/2021	135.13	135.13	135.13	135.13	0	EUR	
21/06/2021	136.24	136.24	136.24	136.24	0	EUR	
22/06/2021	136.58	136.58	136.58	136.58	0	EUR	
23/06/2021	135.99	135.99	135.99	135.99	0	EUR	
24/06/2021	137.29	137.29	137.29	137.29	0	EUR	
25/06/2021	137.8	137.8	137.8	137.8	0	EUR	
28/06/2021	135.89	135.89	135.89	135.89	0	EUR	
29/06/2021	136.59	136.59	136.59	136.59	0	EUR	
30/06/2021	135.91	135.91	135.91	135.91	0	EUR	
01/07/2021	137.29	137.29	137.29	137.29	0	EUR	
02/07/2021	137.39	137.39	137.39	137.39	0	EUR	
05/07/2021	138.18	138.18	138.18	138.18	0	EUR	
06/07/2021	136.06	136.06	136.06	136.06	0	EUR	
07/07/2021	135.71	135.71	135.71	135.71	0	EUR	
08/07/2021	133.1	133.1	133.1	133.1	0	EUR	
09/07/2021	135.39	135.39	135.39	135.39	0	EUR	
12/07/2021	135.55	135.55	135.55	135.55	0	EUR	
13/07/2021	134.86	134.86	134.86	134.86	0	EUR	
15/07/2021	133.05	133.05	133.05	133.05	0	EUR	
16/07/2021	131.73	131.73	131.73	131.73	0	EUR	
19/07/2021	127.99	127.99	127.99	127.99	0	EUR	
20/07/2021	129.67	129.67	129.67	129.67	0	EUR	
21/07/2021	132.75	132.75	132.75	132.75	0	EUR	
22/07/2021	132.7	132.7	132.7	132.7	0	EUR	
23/07/2021	133.53	133.53	133.53	133.53	0	EUR	
26/07/2021	134.59	134.59	134.59	134.59	0	EUR	
27/07/2021	133.66	133.66	133.66	133.66	0	EUR	
28/07/2021	134.46	134.46	134.46	134.46	0	EUR	
29/07/2021	135.44	135.44	135.44	135.44	0	EUR	
30/07/2021	134.36	134.36	134.36	134.36	0	EUR	
02/08/2021	134.4	134.4	134.4	134.4	0	EUR	
03/08/2021	135.02	135.02	135.02	135.02	0	EUR	
04/08/2021	135.43	135.43	135.43	135.43	0	EUR	
05/08/2021	136.31	136.31	136.31	136.31	0	EUR	
06/08/2021	137.2	137.2	137.2	137.2	0	EUR	
09/08/2021	137.03	137.03	137.03	137.03	0	EUR	
10/08/2021	137.67	137.67	137.67	137.67	0	EUR	
11/08/2021	138.65	138.65	138.65	138.65	0	EUR	
12/08/2021	138.57	138.57	138.57	138.57	0	EUR	
13/08/2021	138.81	138.81	138.81	138.81	0	EUR	
16/08/2021	137.63	137.63	137.63	137.63	0	EUR	
17/08/2021	136.76	136.76	136.76	136.76	0	EUR	
18/08/2021	137.2	137.2	137.2	137.2	0	EUR	
19/08/2021	134.75	134.75	134.75	134.75	0	EUR	
20/08/2021	134.78	134.78	134.78	134.78	0	EUR	
23/08/2021	136.19	136.19	136.19	136.19	0	EUR	
24/08/2021	137.34	137.34	137.34	137.34	0	EUR	
25/08/2021	138.07	138.07	138.07	138.07	0	EUR	
26/08/2021	137.33	137.33	137.33	137.33	0	EUR	
27/08/2021	137.96	137.96	137.96	137.96	0	EUR	
30/08/2021	137.57	137.57	137.57	137.57	0	EUR	
31/08/2021	137.24	137.24	137.24	137.24	0	EUR	
01/09/2021	137.89	137.89	137.89	137.89	0	EUR	
02/09/2021	138.42	138.42	138.42	138.42	0	EUR	
03/09/2021	137.47	137.47	137.47	137.47	0	EUR	
06/09/2021	137.75	137.75	137.75	137.75	0	EUR	
07/09/2021	137	137	137	137	0	EUR	
08/09/2021	135.96	135.96	135.96	135.96	0	EUR	
09/09/2021	135.58	135.58	135.58	135.58	0	EUR	
10/09/2021	134.6	134.6	134.6	134.6	0	EUR	
13/09/2021	135.87	135.87	135.87	135.87	0	EUR	
14/09/2021	135.03	135.03	135.03	135.03	0	EUR	
15/09/2021	135.07	135.07	135.07	135.07	0	EUR	
16/09/2021	135.31	135.31	135.31	135.31	0	EUR	
17/09/2021	134.17	134.17	134.17	134.17	0	EUR	
20/09/2021	131.36	131.36	131.36	131.36	0	EUR	
21/09/2021	131.95	131.95	131.95	131.95	0	EUR	
22/09/2021	134.16	134.16	134.16	134.16	0	EUR	
23/09/2021	136.06	136.06	136.06	136.06	0	EUR	
24/09/2021	136.17	136.17	136.17	136.17	0	EUR	
27/09/2021	138.11	138.11	138.11	138.11	0	EUR	
28/09/2021	135.79	135.79	135.79	135.79	0	EUR	
29/09/2021	136.36	136.36	136.36	136.36	0	EUR	
30/09/2021	135.95	135.95	135.95	135.95	0	EUR	
01/10/2021	136.08	136.08	136.08	136.08	0	EUR	
04/10/2021	135.52	135.52	135.52	135.52	0	EUR	
05/10/2021	137.08	137.08	137.08	137.08	0	EUR	
06/10/2021	135.34	135.34	135.34	135.34	0	EUR	
07/10/2021	137.29	137.29	137.29	137.29	0	EUR	
08/10/2021	137.36	137.36	137.36	137.36	0	EUR	
11/10/2021	137.64	137.64	137.64	137.64	0	EUR	
12/10/2021	137.15	137.15	137.15	137.15	0	EUR	
13/10/2021	137	137	137	137	0	EUR	
14/10/2021	138	138	138	138	0	EUR	
15/10/2021	139.31	139.31	139.31	139.31	0	EUR	
18/10/2021	138.52	138.52	138.52	138.52	0	EUR	
19/10/2021	139.11	139.11	139.11	139.11	0	EUR	
20/10/2021	139.24	139.24	139.24	139.24	0	EUR	
21/10/2021	138.63	138.63	138.63	138.63	0	EUR	
22/10/2021	138.47	138.47	138.47	138.47	0	EUR	
25/10/2021	139.18	139.18	139.18	139.18	0	EUR	
26/10/2021	139.93	139.93	139.93	139.93	0	EUR	
27/10/2021	139.56	139.56	139.56	139.56	0	EUR	
28/10/2021	139.71	139.71	139.71	139.71	0	EUR	
29/10/2021	139.67	139.67	139.67	139.67	0	EUR	
02/11/2021	140.61	140.61	140.61	140.61	0	EUR	
03/11/2021	140.53	140.53	140.53	140.53	0	EUR	
04/11/2021	140.63	140.63	140.63	140.63	0	EUR	
05/11/2021	141.51	141.51	141.51	141.51	0	EUR	
08/11/2021	141.67	141.67	141.67	141.67	0	EUR	
09/11/2021	140.58	140.58	140.58	140.58	0	EUR	
10/11/2021	141.3	141.3	141.3	141.3	0	EUR	
12/11/2021	141.16	141.16	141.16	141.16	0	EUR	
15/11/2021	141.83	141.83	141.83	141.83	0	EUR	
16/11/2021	141.48	141.48	141.48	141.48	0	EUR	
17/11/2021	140.63	140.63	140.63	140.63	0	EUR	
18/11/2021	139.74	139.74	139.74	139.74	0	EUR	
19/11/2021	137.75	137.75	137.75	137.75	0	EUR	
22/11/2021	138.38	138.38	138.38	138.38	0	EUR	
23/11/2021	138.63	138.63	138.63	138.63	0	EUR	
24/11/2021	138.86	138.86	138.86	138.86	0	EUR	
25/11/2021	139.05	139.05	139.05	139.05	0	EUR	
26/11/2021	132.31	132.31	132.31	132.31	0	EUR	
29/11/2021	132.66	132.66	132.66	132.66	0	EUR	
30/11/2021	131.2	131.2	131.2	131.2	0	EUR	
01/12/2021	133.15	133.15	133.15	133.15	0	EUR	
02/12/2021	132.95	132.95	132.95	132.95	0	EUR	
03/12/2021	131.83	131.83	131.83	131.83	0	EUR	
06/12/2021	134.23	134.23	134.23	134.23	0	EUR	
07/12/2021	136.83	136.83	136.83	136.83	0	EUR	
08/12/2021	135.63	135.63	135.63	135.63	0	EUR	
09/12/2021	135.38	135.38	135.38	135.38	0	EUR	
10/12/2021	134.71	134.71	134.71	134.71	0	EUR	
13/12/2021	133.49	133.49	133.49	133.49	0	EUR	
14/12/2021	133.9	133.9	133.9	133.9	0	EUR	
15/12/2021	133.13	133.13	133.13	133.13	0	EUR	
16/12/2021	134.72	134.72	134.72	134.72	0	EUR	
17/12/2021	134.11	134.11	134.11	134.11	0	EUR	
20/12/2021	131.9	131.9	131.9	131.9	0	EUR	
21/12/2021	135.2	135.2	135.2	135.2	0	EUR	
22/12/2021	136.13	136.13	136.13	136.13	0	EUR	
23/12/2021	137.12	137.12	137.12	137.12	0	EUR	
24/12/2021	137.05	137.05	137.05	137.05	0	EUR	
27/12/2021	138	138	138	138	0	EUR	
28/12/2021	138.44	138.44	138.44	138.44	0	EUR	
29/12/2021	137.74	137.74	137.74	137.74	0	EUR	
30/12/2021	138.15	138.15	138.15	138.15	0	EUR	
31/12/2021	137.84	137.84	137.84	137.84	0	EUR	
03/01/2022	139.85	139.85	139.85	139.85	0	EUR	
04/01/2022	142.28	142.28	142.28	142.28	0	EUR	
05/01/2022	142.73	142.73	142.73	142.73	0	EUR	
06/01/2022	142.46	142.46	142.46	142.46	0	EUR	
07/01/2022	143.14	143.14	143.14	143.14	0	EUR	
10/01/2022	142.59	142.59	142.59	142.59	0	EUR	
11/01/2022	144.24	144.24	144.24	144.24	0	EUR	
12/01/2022	145.07	145.07	145.07	145.07	0	EUR	
13/01/2022	145.64	145.64	145.64	145.64	0	EUR	
14/01/2022	145.1	145.1	145.1	145.1	0	EUR	
17/01/2022	145.77	145.77	145.77	145.77	0	EUR	
18/01/2022	144.91	144.91	144.91	144.91	0	EUR	
19/01/2022	144.42	144.42	144.42	144.42	0	EUR	
20/01/2022	144.93	144.93	144.93	144.93	0	EUR	
21/01/2022	141.45	141.45	141.45	141.45	0	EUR	
24/01/2022	136.75	136.75	136.75	136.75	0	EUR	
25/01/2022	138.11	138.11	138.11	138.11	0	EUR	
26/01/2022	140.9	140.9	140.9	140.9	0	EUR	
27/01/2022	141.97	141.97	141.97	141.97	0	EUR	
28/01/2022	140.44	140.44	140.44	140.44	0	EUR	
31/01/2022	140.93	140.93	140.93	140.93	0	EUR	
01/02/2022	143.07	143.07	143.07	143.07	0	EUR	
02/02/2022	143.09	143.09	143.09	143.09	0	EUR	
03/02/2022	141.41	141.41	141.41	141.41	0	EUR	
04/02/2022	140.05	140.05	140.05	140.05	0	EUR	
07/02/2022	140.87	140.87	140.87	140.87	0	EUR	
08/02/2022	143	143	143	143	0	EUR	
09/02/2022	145.67	145.67	145.67	145.67	0	EUR	
10/02/2022	146.13	146.13	146.13	146.13	0	EUR	
11/02/2022	144.95	144.95	144.95	144.95	0	EUR	
14/02/2022	142.02	142.02	142.02	142.02	0	EUR	
15/02/2022	144.5	144.5	144.5	144.5	0	EUR	
16/02/2022	144.53	144.53	144.53	144.53	0	EUR	
17/02/2022	142.47	142.47	142.47	142.47	0	EUR	
18/02/2022	141.22	141.22	141.22	141.22	0	EUR	
21/02/2022	139.31	139.31	139.31	139.31	0	EUR	
22/02/2022	138.74	138.74	138.74	138.74	0	EUR	
23/02/2022	137.78	137.78	137.78	137.78	0	EUR	
24/02/2022	133.58	133.58	133.58	133.58	0	EUR	
25/02/2022	138.05	138.05	138.05	138.05	0	EUR	
28/02/2022	137.24	137.24	137.24	137.24	0	EUR	
01/03/2022	133.69	133.69	133.69	133.69	0	EUR	
02/03/2022	135.61	135.61	135.61	135.61	0	EUR	
03/03/2022	133.67	133.67	133.67	133.67	0	EUR	
04/03/2022	128.1	128.1	128.1	128.1	0	EUR	
07/03/2022	125.63	125.63	125.63	125.63	0	EUR	
08/03/2022	126.37	126.37	126.37	126.37	0	EUR	
09/03/2022	132.04	132.04	132.04	132.04	0	EUR	
10/03/2022	129.63	129.63	129.63	129.63	0	EUR	
11/03/2022	131.38	131.38	131.38	131.38	0	EUR	
14/03/2022	132.49	132.49	132.49	132.49	0	EUR	
15/03/2022	132.75	132.75	132.75	132.75	0	EUR	
16/03/2022	137.61	137.61	137.61	137.61	0	EUR	
17/03/2022	137.99	137.99	137.99	137.99	0	EUR	
18/03/2022	138.51	138.51	138.51	138.51	0	EUR	
21/03/2022	138.95	138.95	138.95	138.95	0	EUR	
22/03/2022	140.57	140.57	140.57	140.57	0	EUR	
23/03/2022	139.5	139.5	139.5	139.5	0	EUR	
24/03/2022	139.17	139.17	139.17	139.17	0	EUR	
25/03/2022	139.64	139.64	139.64	139.64	0	EUR	
28/03/2022	139.47	139.47	139.47	139.47	0	EUR	
29/03/2022	142.04	142.04	142.04	142.04	0	EUR	
30/03/2022	140.86	140.86	140.86	140.86	0	EUR	
31/03/2022	138.93	138.93	138.93	138.93	0	EUR	
01/04/2022	139.89	139.89	139.89	139.89	0	EUR	
04/04/2022	140.81	140.81	140.81	140.81	0	EUR	
05/04/2022	138.34	138.34	138.34	138.34	0	EUR	
06/04/2022	135.78	135.78	135.78	135.78	0	EUR	
07/04/2022	134.95	134.95	134.95	134.95	0	EUR	
08/04/2022	137.31	137.31	137.31	137.31	0	EUR	
11/04/2022	137.56	137.56	137.56	137.56	0	EUR	
12/04/2022	137.85	137.85	137.85	137.85	0	EUR	
13/04/2022	138.77	138.77	138.77	138.77	0	EUR	
14/04/2022	140.44	140.44	140.44	140.44	0	EUR	
19/04/2022	140.51	140.51	140.51	140.51	0	EUR	
20/04/2022	141.62	141.62	141.62	141.62	0	EUR	
21/04/2022	142.33	142.33	142.33	142.33	0	EUR	
22/04/2022	139.5	139.5	139.5	139.5	0	EUR	
25/04/2022	137.38	137.38	137.38	137.38	0	EUR	
26/04/2022	135.7	135.7	135.7	135.7	0	EUR	
27/04/2022	136.6	136.6	136.6	136.6	0	EUR	
28/04/2022	137.47	137.47	137.47	137.47	0	EUR	
29/04/2022	138.07	138.07	138.07	138.07	0	EUR	
02/05/2022	136.67	136.67	136.67	136.67	0	EUR	
03/05/2022	138.74	138.74	138.74	138.74	0	EUR	
04/05/2022	137.77	137.77	137.77	137.77	0	EUR	
05/05/2022	136.59	136.59	136.59	136.59	0	EUR	
06/05/2022	135.1	135.1	135.1	135.1	0	EUR	
09/05/2022	131.4	131.4	131.4	131.4	0	EUR	
10/05/2022	131.87	131.87	131.87	131.87	0	EUR	
11/05/2022	133.91	133.91	133.91	133.91	0	EUR	
12/05/2022	132.92	132.92	132.92	132.92	0	EUR	
13/05/2022	135.97	135.97	135.97	135.97	0	EUR	
16/05/2022	136.24	136.24	136.24	136.24	0	EUR	
17/05/2022	138.34	138.34	138.34	138.34	0	EUR	
19/05/2022	135.6	135.6	135.6	135.6	0	EUR	
20/05/2022	135.47	135.47	135.47	135.47	0	EUR	
23/05/2022	137.63	137.63	137.63	137.63	0	EUR	
24/05/2022	135.75	135.75	135.75	135.75	0	EUR	
25/05/2022	137.32	137.32	137.32	137.32	0	EUR	
27/05/2022	141.63	141.63	141.63	141.63	0	EUR	
30/05/2022	142.22	142.22	142.22	142.22	0	EUR	
31/05/2022	140.8	140.8	140.8	140.8	0	EUR	
01/06/2022	139.94	139.94	139.94	139.94	0	EUR	
02/06/2022	141.08	141.08	141.08	141.08	0	EUR	
03/06/2022	140.7	140.7	140.7	140.7	0	EUR	
07/06/2022	142.58	142.58	142.58	142.58	0	EUR	
08/06/2022	141.39	141.39	141.39	141.39	0	EUR	
09/06/2022	138.61	138.61	138.61	138.61	0	EUR	
10/06/2022	134.22	134.22	134.22	134.22	0	EUR	
13/06/2022	129.31	129.31	129.31	129.31	0	EUR	
14/06/2022	128.85	128.85	128.85	128.85	0	EUR	
15/06/2022	130.77	130.77	130.77	130.77	0	EUR	
16/06/2022	126.92	126.92	126.92	126.92	0	EUR	
17/06/2022	127.78	127.78	127.78	127.78	0	EUR	
20/06/2022	128.68	128.68	128.68	128.68	0	EUR	
21/06/2022	129.76	129.76	129.76	129.76	0	EUR	
22/06/2022	127.45	127.45	127.45	127.45	0	EUR	
23/06/2022	125.44	125.44	125.44	125.44	0	EUR	
24/06/2022	128	128	128	128	0	EUR	
27/06/2022	128.65	128.65	128.65	128.65	0	EUR	
28/06/2022	129.75	129.75	129.75	129.75	0	EUR	
29/06/2022	127.64	127.64	127.64	127.64	0	EUR	
30/06/2022	125.42	125.42	125.42	125.42	0	EUR	
01/07/2022	126.04	126.04	126.04	126.04	0	EUR	
04/07/2022	125.63	125.63	125.63	125.63	0	EUR	
05/07/2022	122	122	122	122	0	EUR	
06/07/2022	122.71	122.71	122.71	122.71	0	EUR	
07/07/2022	126.4	126.4	126.4	126.4	0	EUR	
08/07/2022	127.58	127.58	127.58	127.58	0	EUR	
11/07/2022	126.11	126.11	126.11	126.11	0	EUR	
12/07/2022	126.84	126.84	126.84	126.84	0	EUR	
13/07/2022	125.52	125.52	125.52	125.52	0	EUR	
15/07/2022	125.51	125.51	125.51	125.51	0	EUR	
18/07/2022	126.8	126.8	126.8	126.8	0	EUR	
19/07/2022	129.49	129.49	129.49	129.49	0	EUR	
20/07/2022	128.91	128.91	128.91	128.91	0	EUR	
21/07/2022	128.7	128.7	128.7	128.7	0	EUR	
22/07/2022	128.42	128.42	128.42	128.42	0	EUR	
25/07/2022	129.13	129.13	129.13	129.13	0	EUR	
26/07/2022	128.63	128.63	128.63	128.63	0	EUR	
27/07/2022	130.28	130.28	130.28	130.28	0	EUR	
28/07/2022	130.71	130.71	130.71	130.71	0	EUR	
29/07/2022	132.26	132.26	132.26	132.26	0	EUR	
01/08/2022	131.2	131.2	131.2	131.2	0	EUR	
02/08/2022	131.02	131.02	131.02	131.02	0	EUR	
03/08/2022	132.34	132.34	132.34	132.34	0	EUR	
04/08/2022	132.51	132.51	132.51	132.51	0	EUR	
05/08/2022	132.77	132.77	132.77	132.77	0	EUR	
08/08/2022	133.06	133.06	133.06	133.06	0	EUR	
09/08/2022	132.47	132.47	132.47	132.47	0	EUR	
10/08/2022	133.7	133.7	133.7	133.7	0	EUR	
11/08/2022	134.37	134.37	134.37	134.37	0	EUR	
12/08/2022	135.08	135.08	135.08	135.08	0	EUR	
16/08/2022	135.81	135.81	135.81	135.81	0	EUR	
17/08/2022	133.87	133.87	133.87	133.87	0	EUR	
18/08/2022	134.37	134.37	134.37	134.37	0	EUR	
19/08/2022	132.82	132.82	132.82	132.82	0	EUR	
22/08/2022	130.76	130.76	130.76	130.76	0	EUR	
23/08/2022	131.44	131.44	131.44	131.44	0	EUR	
24/08/2022	131.69	131.69	131.69	131.69	0	EUR	
25/08/2022	132.73	132.73	132.73	132.73	0	EUR	
26/08/2022	130.34	130.34	130.34	130.34	0	EUR	
29/08/2022	129.51	129.51	129.51	129.51	0	EUR	
30/08/2022	128.33	128.33	128.33	128.33	0	EUR	
31/08/2022	127.44	127.44	127.44	127.44	0	EUR	
01/09/2022	125.5	125.5	125.5	125.5	0	EUR	
02/09/2022	127.35	127.35	127.35	127.35	0	EUR	
05/09/2022	126.07	126.07	126.07	126.07	0	EUR	
06/09/2022	126.11	126.11	126.11	126.11	0	EUR	
07/09/2022	126.12	126.12	126.12	126.12	0	EUR	
08/09/2022	127.19	127.19	127.19	127.19	0	EUR	
09/09/2022	129.04	129.04	129.04	129.04	0	EUR	
12/09/2022	131.36	131.36	131.36	131.36	0	EUR	
13/09/2022	129.08	129.08	129.08	129.08	0	EUR	
14/09/2022	128.59	128.59	128.59	128.59	0	EUR	
15/09/2022	128.53	128.53	128.53	128.53	0	EUR	
16/09/2022	126.52	126.52	126.52	126.52	0	EUR	
19/09/2022	127.04	127.04	127.04	127.04	0	EUR	
20/09/2022	125.02	125.02	125.02	125.02	0	EUR	
21/09/2022	125.36	125.36	125.36	125.36	0	EUR	
22/09/2022	124.11	124.11	124.11	124.11	0	EUR	
23/09/2022	121.27	121.27	121.27	121.27	0	EUR	
26/09/2022	120.95	120.95	120.95	120.95	0	EUR	
27/09/2022	120.46	120.46	120.46	120.46	0	EUR	
28/09/2022	120.16	120.16	120.16	120.16	0	EUR	
29/09/2022	118.18	118.18	118.18	118.18	0	EUR	
30/09/2022	119.27	119.27	119.27	119.27	0	EUR	
03/10/2022	120.52	120.52	120.52	120.52	0	EUR	
04/10/2022	124.19	124.19	124.19	124.19	0	EUR	
05/10/2022	122.92	122.92	122.92	122.92	0	EUR	
06/10/2022	122.04	122.04	122.04	122.04	0	EUR	
07/10/2022	120.98	120.98	120.98	120.98	0	EUR	
10/10/2022	120.66	120.66	120.66	120.66	0	EUR	
11/10/2022	119.77	119.77	119.77	119.77	0	EUR	
12/10/2022	118.81	118.81	118.81	118.81	0	EUR	
13/10/2022	120.68	120.68	120.68	120.68	0	EUR	
14/10/2022	120.4	120.4	120.4	120.4	0	EUR	
17/10/2022	122.74	122.74	122.74	122.74	0	EUR	
18/10/2022	123.48	123.48	123.48	123.48	0	EUR	
19/10/2022	123.2	123.2	123.2	123.2	0	EUR	
20/10/2022	123.97	123.97	123.97	123.97	0	EUR	
21/10/2022	124.44	124.44	124.44	124.44	0	EUR	
24/10/2022	124.87	124.87	124.87	124.87	0	EUR	
25/10/2022	126.3	126.3	126.3	126.3	0	EUR	
26/10/2022	127.79	127.79	127.79	127.79	0	EUR	
27/10/2022	128.01	128.01	128.01	128.01	0	EUR	
28/10/2022	128.42	128.42	128.42	128.42	0	EUR	
31/10/2022	128.82	128.82	128.82	128.82	0	EUR	
02/11/2022	129.34	129.34	129.34	129.34	0	EUR	
03/11/2022	129.85	129.85	129.85	129.85	0	EUR	
04/11/2022	131.86	131.86	131.86	131.86	0	EUR	
07/11/2022	132.05	132.05	132.05	132.05	0	EUR	
08/11/2022	132.86	132.86	132.86	132.86	0	EUR	
09/11/2022	132.04	132.04	132.04	132.04	0	EUR	
10/11/2022	135.12	135.12	135.12	135.12	0	EUR	
14/11/2022	135.33	135.33	135.33	135.33	0	EUR	
15/11/2022	136.44	136.44	136.44	136.44	0	EUR	
16/11/2022	135.08	135.08	135.08	135.08	0	EUR	
17/11/2022	134.79	134.79	134.79	134.79	0	EUR	
18/11/2022	135.76	135.76	135.76	135.76	0	EUR	
21/11/2022	135.84	135.84	135.84	135.84	0	EUR	
22/11/2022	137	137	137	137	0	EUR	
23/11/2022	137.07	137.07	137.07	137.07	0	EUR	
24/11/2022	137.67	137.67	137.67	137.67	0	EUR	
25/11/2022	137.29	137.29	137.29	137.29	0	EUR	
28/11/2022	136.32	136.32	136.32	136.32	0	EUR	
29/11/2022	137.17	137.17	137.17	137.17	0	EUR	
30/11/2022	138.25	138.25	138.25	138.25	0	EUR	
01/12/2022	138.09	138.09	138.09	138.09	0	EUR	
02/12/2022	138.62	138.62	138.62	138.62	0	EUR	
05/12/2022	137.98	137.98	137.98	137.98	0	EUR	
06/12/2022	137.31	137.31	137.31	137.31	0	EUR	
07/12/2022	136.48	136.48	136.48	136.48	0	EUR	
08/12/2022	136.68	136.68	136.68	136.68	0	EUR	
09/12/2022	137.03	137.03	137.03	137.03	0	EUR	
12/12/2022	136.71	136.71	136.71	136.71	0	EUR	
13/12/2022	138.37	138.37	138.37	138.37	0	EUR	
14/12/2022	138.13	138.13	138.13	138.13	0	EUR	
15/12/2022	135.1	135.1	135.1	135.1	0	EUR	
16/12/2022	134.29	134.29	134.29	134.29	0	EUR	
19/12/2022	134.37	134.37	134.37	134.37	0	EUR	
20/12/2022	134.66	134.66	134.66	134.66	0	EUR	
21/12/2022	137.09	137.09	137.09	137.09	0	EUR	
22/12/2022	135.88	135.88	135.88	135.88	0	EUR	
23/12/2022	136.02	136.02	136.02	136.02	0	EUR	
27/12/2022	136.3	136.3	136.3	136.3	0	EUR	
28/12/2022	135.28	135.28	135.28	135.28	0	EUR	
29/12/2022	136.17	136.17	136.17	136.17	0	EUR	
30/12/2022	134.82	134.82	134.82	134.82	0	EUR	
02/01/2023	136.78	136.78	136.78	136.78	0	EUR	
03/01/2023	137.96	137.96	137.96	137.96	0	EUR	
04/01/2023	140.49	140.49	140.49	140.49	0	EUR	
05/01/2023	140.67	140.67	140.67	140.67	0	EUR	
06/01/2023	142.39	142.39	142.39	142.39	0	EUR	
09/01/2023	142.59	142.59	142.59	142.59	0	EUR	
10/01/2023	142.18	142.18	142.18	142.18	0	EUR	
11/01/2023	142.66	142.66	142.66	142.66	0	EUR	
12/01/2023	144.4	144.4	144.4	144.4	0	EUR	
13/01/2023	145.33	145.33	145.33	145.33	0	EUR	
16/01/2023	145.87	145.87	145.87	145.87	0	EUR	
17/01/2023	146.05	146.05	146.05	146.05	0	EUR	
18/01/2023	146.58	146.58	146.58	146.58	0	EUR	
19/01/2023	144.45	144.45	144.45	144.45	0	EUR	
20/01/2023	145.65	145.65	145.65	145.65	0	EUR	
23/01/2023	146.54	146.54	146.54	146.54	0	EUR	
24/01/2023	146.66	146.66	146.66	146.66	0	EUR	
25/01/2023	146.85	146.85	146.85	146.85	0	EUR	
26/01/2023	148.08	148.08	148.08	148.08	0	EUR	
27/01/2023	148.28	148.28	148.28	148.28	0	EUR	
30/01/2023	147.21	147.21	147.21	147.21	0	EUR	
31/01/2023	147.79	147.79	147.79	147.79	0	EUR	
01/02/2023	148.67	148.67	148.67	148.67	0	EUR	
02/02/2023	150.04	150.04	150.04	150.04	0	EUR	
03/02/2023	150.52	150.52	150.52	150.52	0	EUR	
06/02/2023	149.16	149.16	149.16	149.16	0	EUR	
07/02/2023	149.41	149.41	149.41	149.41	0	EUR	
08/02/2023	149.47	149.47	149.47	149.47	0	EUR	
09/02/2023	150.5	150.5	150.5	150.5	0	EUR	
10/02/2023	149.43	149.43	149.43	149.43	0	EUR	
13/02/2023	150.54	150.54	150.54	150.54	0	EUR	
14/02/2023	151.42	151.42	151.42	151.42	0	EUR	
15/02/2023	152.28	152.28	152.28	152.28	0	EUR	
16/02/2023	153.64	153.64	153.64	153.64	0	EUR	
17/02/2023	152.64	152.64	152.64	152.64	0	EUR	
20/02/2023	152.29	152.29	152.29	152.29	0	EUR	
21/02/2023	151.67	151.67	151.67	151.67	0	EUR	
22/02/2023	150.54	150.54	150.54	150.54	0	EUR	
23/02/2023	151.74	151.74	151.74	151.74	0	EUR	
24/02/2023	150.4	150.4	150.4	150.4	0	EUR	
27/02/2023	152.21	152.21	152.21	152.21	0	EUR	
28/02/2023	152.51	152.51	152.51	152.51	0	EUR	
01/03/2023	152.38	152.38	152.38	152.38	0	EUR	
02/03/2023	153.42	153.42	153.42	153.42	0	EUR	
03/03/2023	155.4	155.4	155.4	155.4	0	EUR	
06/03/2023	155.77	155.77	155.77	155.77	0	EUR	
07/03/2023	154.51	154.51	154.51	154.51	0	EUR	
08/03/2023	154.67	154.67	154.67	154.67	0	EUR	
09/03/2023	153.79	153.79	153.79	153.79	0	EUR	
10/03/2023	151.18	151.18	151.18	151.18	0	EUR	
13/03/2023	146.19	146.19	146.19	146.19	0	EUR	
14/03/2023	148.97	148.97	148.97	148.97	0	EUR	
15/03/2023	142.4	142.4	142.4	142.4	0	EUR	
16/03/2023	144.14	144.14	144.14	144.14	0	EUR	
17/03/2023	141.68	141.68	141.68	141.68	0	EUR	
20/03/2023	143.25	143.25	143.25	143.25	0	EUR	
21/03/2023	146.66	146.66	146.66	146.66	0	EUR	
22/03/2023	146.18	146.18	146.18	146.18	0	EUR	
23/03/2023	144.98	144.98	144.98	144.98	0	EUR	
24/03/2023	141.69	141.69	141.69	141.69	0	EUR	
27/03/2023	143.46	143.46	143.46	143.46	0	EUR	
28/03/2023	143.84	143.84	143.84	143.84	0	EUR	
29/03/2023	145.65	145.65	145.65	145.65	0	EUR	
30/03/2023	147.47	147.47	147.47	147.47	0	EUR	
31/03/2023	147.99	147.99	147.99	147.99	0	EUR	
03/04/2023	148.52	148.52	148.52	148.52	0	EUR	
04/04/2023	147.8	147.8	147.8	147.8	0	EUR	
05/04/2023	146.5	146.5	146.5	146.5	0	EUR	
06/04/2023	147.94	147.94	147.94	147.94	0	EUR	
11/04/2023	148.56	148.56	148.56	148.56	0	EUR	
12/04/2023	148.38	148.38	148.38	148.38	0	EUR	
13/04/2023	148.91	148.91	148.91	148.91	0	EUR	
14/04/2023	150.05	150.05	150.05	150.05	0	EUR	
17/04/2023	150.43	150.43	150.43	150.43	0	EUR	
18/04/2023	151.38	151.38	151.38	151.38	0	EUR	
19/04/2023	151.11	151.11	151.11	151.11	0	EUR	
20/04/2023	150.03	150.03	150.03	150.03	0	EUR	
21/04/2023	149.52	149.52	149.52	149.52	0	EUR	
24/04/2023	149.28	149.28	149.28	149.28	0	EUR	
25/04/2023	147.42	147.42	147.42	147.42	0	EUR	
26/04/2023	146.05	146.05	146.05	146.05	0	EUR	
27/04/2023	146.72	146.72	146.72	146.72	0	EUR	
28/04/2023	147.51	147.51	147.51	147.51	0	EUR	
02/05/2023	145.27	145.27	145.27	145.27	0	EUR	
03/05/2023	145.06	145.06	145.06	145.06	0	EUR	
04/05/2023	142.97	142.97	142.97	142.97	0	EUR	
05/05/2023	145.37	145.37	145.37	145.37	0	EUR	
09/05/2023	146.25	146.25	146.25	146.25	0	EUR	
10/05/2023	145.68	145.68	145.68	145.68	0	EUR	
11/05/2023	145.69	145.69	145.69	145.69	0	EUR	
12/05/2023	146.53	146.53	146.53	146.53	0	EUR	
15/05/2023	147.34	147.34	147.34	147.34	0	EUR	
16/05/2023	147.25	147.25	147.25	147.25	0	EUR	
17/05/2023	148.09	148.09	148.09	148.09	0	EUR	
19/05/2023	149.32	149.32	149.32	149.32	0	EUR	
22/05/2023	149.8	149.8	149.8	149.8	0	EUR	
23/05/2023	148.95	148.95	148.95	148.95	0	EUR	
24/05/2023	146.15	146.15	146.15	146.15	0	EUR	
25/05/2023	145.58	145.58	145.58	145.58	0	EUR	
26/05/2023	146.58	146.58	146.58	146.58	0	EUR	
30/05/2023	144.77	144.77	144.77	144.77	0	EUR	
31/05/2023	143.18	143.18	143.18	143.18	0	EUR	
01/06/2023	145.36	145.36	145.36	145.36	0	EUR	
02/06/2023	148.45	148.45	148.45	148.45	0	EUR	
05/06/2023	147.67	147.67	147.67	147.67	0	EUR	
06/06/2023	148.46	148.46	148.46	148.46	0	EUR	
07/06/2023	148.5	148.5	148.5	148.5	0	EUR	
08/06/2023	149.66	149.66	149.66	149.66	0	EUR	
09/06/2023	149.83	149.83	149.83	149.83	0	EUR	
12/06/2023	150.52	150.52	150.52	150.52	0	EUR	
13/06/2023	151.56	151.56	151.56	151.56	0	EUR	
14/06/2023	151.97	151.97	151.97	151.97	0	EUR	
15/06/2023	151.29	151.29	151.29	151.29	0	EUR	
16/06/2023	152.5	152.5	152.5	152.5	0	EUR	
19/06/2023	151.56	151.56	151.56	151.56	0	EUR	
20/06/2023	150.71	150.71	150.71	150.71	0	EUR	
21/06/2023	150.88	150.88	150.88	150.88	0	EUR	
22/06/2023	149.71	149.71	149.71	149.71	0	EUR	
23/06/2023	148.33	148.33	148.33	148.33	0	EUR	
26/06/2023	148.1	148.1	148.1	148.1	0	EUR	
27/06/2023	149.39	149.39	149.39	149.39	0	EUR	
28/06/2023	150.65	150.65	150.65	150.65	0	EUR	
29/06/2023	151.7	151.7	151.7	151.7	0	EUR	
30/06/2023	153.44	153.44	153.44	153.44	0	EUR	
03/07/2023	153.62	153.62	153.62	153.62	0	EUR	
04/07/2023	153.08	153.08	153.08	153.08	0	EUR	
05/07/2023	152.33	152.33	152.33	152.33	0	EUR	
06/07/2023	148.45	148.45	148.45	148.45	0	EUR	
07/07/2023	150.05	150.05	150.05	150.05	0	EUR	
10/07/2023	150.97	150.97	150.97	150.97	0	EUR	
11/07/2023	152.47	152.47	152.47	152.47	0	EUR	
12/07/2023	154.76	154.76	154.76	154.76	0	EUR	
13/07/2023	155.61	155.61	155.61	155.61	0	EUR	
17/07/2023	153.87	153.87	153.87	153.87	0	EUR	
18/07/2023	154.59	154.59	154.59	154.59	0	EUR	
19/07/2023	154.58	154.58	154.58	154.58	0	EUR	
20/07/2023	155.39	155.39	155.39	155.39	0	EUR	
21/07/2023	155.05	155.05	155.05	155.05	0	EUR	
24/07/2023	155.96	155.96	155.96	155.96	0	EUR	
25/07/2023	156.04	156.04	156.04	156.04	0	EUR	
26/07/2023	155.9	155.9	155.9	155.9	0	EUR	
27/07/2023	157.77	157.77	157.77	157.77	0	EUR	
28/07/2023	158.17	158.17	158.17	158.17	0	EUR	
31/07/2023	159.1	159.1	159.1	159.1	0	EUR	
01/08/2023	158.01	158.01	158.01	158.01	0	EUR	
02/08/2023	156.12	156.12	156.12	156.12	0	EUR	
03/08/2023	155.47	155.47	155.47	155.47	0	EUR	
04/08/2023	156.23	156.23	156.23	156.23	0	EUR	
07/08/2023	156.74	156.74	156.74	156.74	0	EUR	
08/08/2023	155.23	155.23	155.23	155.23	0	EUR	
09/08/2023	156.21	156.21	156.21	156.21	0	EUR	
10/08/2023	157.47	157.47	157.47	157.47	0	EUR	
11/08/2023	155.59	155.59	155.59	155.59	0	EUR	
14/08/2023	155.82	155.82	155.82	155.82	0	EUR	
16/08/2023	153.68	153.68	153.68	153.68	0	EUR	
17/08/2023	152.33	152.33	152.33	152.33	0	EUR	
18/08/2023	151.34	151.34	151.34	151.34	0	EUR	
21/08/2023	151.81	151.81	151.81	151.81	0	EUR	
22/08/2023	152.81	152.81	152.81	152.81	0	EUR	
23/08/2023	153.42	153.42	153.42	153.42	0	EUR	
24/08/2023	152.52	152.52	152.52	152.52	0	EUR	
25/08/2023	152.55	152.55	152.55	152.55	0	EUR	
28/08/2023	154.53	154.53	154.53	154.53	0	EUR	
29/08/2023	155.59	155.59	155.59	155.59	0	EUR	
30/08/2023	155.6	155.6	155.6	155.6	0	EUR	
31/08/2023	155.51	155.51	155.51	155.51	0	EUR	
01/09/2023	155.68	155.68	155.68	155.68	0	EUR	
04/09/2023	155.44	155.44	155.44	155.44	0	EUR	
05/09/2023	155.21	155.21	155.21	155.21	0	EUR	
06/09/2023	154.08	154.08	154.08	154.08	0	EUR	
07/09/2023	153.12	153.12	153.12	153.12	0	EUR	
08/09/2023	153.62	153.62	153.62	153.62	0	EUR	
11/09/2023	154.35	154.35	154.35	154.35	0	EUR	
12/09/2023	154.27	154.27	154.27	154.27	0	EUR	
13/09/2023	153.64	153.64	153.64	153.64	0	EUR	
14/09/2023	155.6	155.6	155.6	155.6	0	EUR	
15/09/2023	156.02	156.02	156.02	156.02	0	EUR	
18/09/2023	154.15	154.15	154.15	154.15	0	EUR	
19/09/2023	154.64	154.64	154.64	154.64	0	EUR	
20/09/2023	155.93	155.93	155.93	155.93	0	EUR	
21/09/2023	154.05	154.05	154.05	154.05	0	EUR	
22/09/2023	153.25	153.25	153.25	153.25	0	EUR	
25/09/2023	152.43	152.43	152.43	152.43	0	EUR	
26/09/2023	151.47	151.47	151.47	151.47	0	EUR	
27/09/2023	152.23	152.23	152.23	152.23	0	EUR	
28/09/2023	152.93	152.93	152.93	152.93	0	EUR	
29/09/2023	152.92	152.92	152.92	152.92	0	EUR	
02/10/2023	151.01	151.01	151.01	151.01	0	EUR	
03/10/2023	149.18	149.18	149.18	149.18	0	EUR	
04/10/2023	148.47	148.47	148.47	148.47	0	EUR	
05/10/2023	147.66	147.66	147.66	147.66	0	EUR	
06/10/2023	149.25	149.25	149.25	149.25	0	EUR	
09/10/2023	148.8	148.8	148.8	148.8	0	EUR	
10/10/2023	151.52	151.52	151.52	151.52	0	EUR	
11/10/2023	151.82	151.82	151.82	151.82	0	EUR	
12/10/2023	151.67	151.67	151.67	151.67	0	EUR	
13/10/2023	149.58	149.58	149.58	149.58	0	EUR	
16/10/2023	150.36	150.36	150.36	150.36	0	EUR	
18/10/2023	148.76	148.76	148.76	148.76	0	EUR	
19/10/2023	147.16	147.16	147.16	147.16	0	EUR	
20/10/2023	144.42	144.42	144.42	144.42	0	EUR	
23/10/2023	144.58	144.58	144.58	144.58	0	EUR	
24/10/2023	145.14	145.14	145.14	145.14	0	EUR	
25/10/2023	143.66	143.66	143.66	143.66	0	EUR	
26/10/2023	143.37	143.37	143.37	143.37	0	EUR	
27/10/2023	142.68	142.68	142.68	142.68	0	EUR	
30/10/2023	143.34	143.34	143.34	143.34	0	EUR	
31/10/2023	144.09	144.09	144.09	144.09	0	EUR	
02/11/2023	146.33	146.33	146.33	146.33	0	EUR	
03/11/2023	146.78	146.78	146.78	146.78	0	EUR	
06/11/2023	146.52	146.52	146.52	146.52	0	EUR	
07/11/2023	145.51	145.51	145.51	145.51	0	EUR	
08/11/2023	145.64	145.64	145.64	145.64	0	EUR	
09/11/2023	146.44	146.44	146.44	146.44	0	EUR	
10/11/2023	146.15	146.15	146.15	146.15	0	EUR	
13/11/2023	147.45	147.45	147.45	147.45	0	EUR	
14/11/2023	148.75	148.75	148.75	148.75	0	EUR	
15/11/2023	149.2	149.2	149.2	149.2	0	EUR	
16/11/2023	147.94	147.94	147.94	147.94	0	EUR	
17/11/2023	149.62	149.62	149.62	149.62	0	EUR	
20/11/2023	150.43	150.43	150.43	150.43	0	EUR	
21/11/2023	149.6	149.6	149.6	149.6	0	EUR	
22/11/2023	149.81	149.81	149.81	149.81	0	EUR	
23/11/2023	149.86	149.86	149.86	149.86	0	EUR	
24/11/2023	150.43	150.43	150.43	150.43	0	EUR	
27/11/2023	149.27	149.27	149.27	149.27	0	EUR	
28/11/2023	149.45	149.45	149.45	149.45	0	EUR	
29/11/2023	149.76	149.76	149.76	149.76	0	EUR	
30/11/2023	150.31	150.31	150.31	150.31	0	EUR	
01/12/2023	151.92	151.92	151.92	151.92	0	EUR	
04/12/2023	150.85	150.85	150.85	150.85	0	EUR	
05/12/2023	150.84	150.84	150.84	150.84	0	EUR	
06/12/2023	151.57	151.57	151.57	151.57	0	EUR	
07/12/2023	151.2	151.2	151.2	151.2	0	EUR	
08/12/2023	152.96	152.96	152.96	152.96	0	EUR	
11/12/2023	153.02	153.02	153.02	153.02	0	EUR	
12/12/2023	152.9	152.9	152.9	152.9	0	EUR	
13/12/2023	153.33	153.33	153.33	153.33	0	EUR	
14/12/2023	155.16	155.16	155.16	155.16	0	EUR	
15/12/2023	155.76	155.76	155.76	155.76	0	EUR	
18/12/2023	155.46	155.46	155.46	155.46	0	EUR	
19/12/2023	156.26	156.26	156.26	156.26	0	EUR	
20/12/2023	156.12	156.12	156.12	156.12	0	EUR	
21/12/2023	156.61	156.61	156.61	156.61	0	EUR	
22/12/2023	156.62	156.62	156.62	156.62	0	EUR	
27/12/2023	156.78	156.78	156.78	156.78	0	EUR	
28/12/2023	156.49	156.49	156.49	156.49	0	EUR	
29/12/2023	156.71	156.71	156.71	156.71	0	EUR	
02/01/2024	157.32	157.32	157.32	157.32	0	EUR	
03/01/2024	155.73	155.73	155.73	155.73	0	EUR	
04/01/2024	157.85	157.85	157.85	157.85	0	EUR	
05/01/2024	157.38	157.38	157.38	157.38	0	EUR	
08/01/2024	157.58	157.58	157.58	157.58	0	EUR	
09/01/2024	157.05	157.05	157.05	157.05	0	EUR	
10/01/2024	156.61	156.61	156.61	156.61	0	EUR	
11/01/2024	156.09	156.09	156.09	156.09	0	EUR	
12/01/2024	157.66	157.66	157.66	157.66	0	EUR	
15/01/2024	156.97	156.97	156.97	156.97	0	EUR	
16/01/2024	155.63	155.63	155.63	155.63	0	EUR	
18/01/2024	155.53	155.53	155.53	155.53	0	EUR	
19/01/2024	154.98	154.98	154.98	154.98	0	EUR	
22/01/2024	155.96	155.96	155.96	155.96	0	EUR	
23/01/2024	156.17	156.17	156.17	156.17	0	EUR	
24/01/2024	157.58	157.58	157.58	157.58	0	EUR	
25/01/2024	158.12	158.12	158.12	158.12	0	EUR	
26/01/2024	158.88	158.88	158.88	158.88	0	EUR	
29/01/2024	158.32	158.32	158.32	158.32	0	EUR	
30/01/2024	158.4	158.4	158.4	158.4	0	EUR	
31/01/2024	158.38	158.38	158.38	158.38	0	EUR	
01/02/2024	157.34	157.34	157.34	157.34	0	EUR	
02/02/2024	157.41	157.41	157.41	157.41	0	EUR	
05/02/2024	156.26	156.26	156.26	156.26	0	EUR	
06/02/2024	158.19	158.19	158.19	158.19	0	EUR	
07/02/2024	157.09	157.09	157.09	157.09	0	EUR	
08/02/2024	156.74	156.74	156.74	156.74	0	EUR	
09/02/2024	157.31	157.31	157.31	157.31	0	EUR	
12/02/2024	158.32	158.32	158.32	158.32	0	EUR	
13/02/2024	157.2	157.2	157.2	157.2	0	EUR	
14/02/2024	158.78	158.78	158.78	158.78	0	EUR	
15/02/2024	159.62	159.62	159.62	159.62	0	EUR	
16/02/2024	160.43	160.43	160.43	160.43	0	EUR	
19/02/2024	160.37	160.37	160.37	160.37	0	EUR	
20/02/2024	160.22	160.22	160.22	160.22	0	EUR	
21/02/2024	160.84	160.84	160.84	160.84	0	EUR	
22/02/2024	162.56	162.56	162.56	162.56	0	EUR	
23/02/2024	163.28	163.28	163.28	163.28	0	EUR	
26/02/2024	162.71	162.71	162.71	162.71	0	EUR	
27/02/2024	162.79	162.79	162.79	162.79	0	EUR	
28/02/2024	162.38	162.38	162.38	162.38	0	EUR	
